0.00024084876091175127, 1.82491313e-01, 3.88277676e+03, 3.52829521e+00, 4.24171873e-02
0.000575682687216226, 1.97944902e-01, 3.38717385e+03, 3.30108440e+00, 5.02186092e-02
4.3581657286184145e-12, 2.02299793e-01, 3.28799900e+03, 3.28448779e+00, 5.05480410e-02
0.0004925451884706452, 1.92694898e-01, 3.37489556e+03, 3.29089021e+00, 5.76973349e-02
0.00013053849649949883, 1.89810451e-01, 3.66714503e+03, 3.37786803e+00, 4.77991703e-02
0.004112648575665702, 1.89419364e-01, 3.59753428e+03, 3.46312442e+00, 4.78525884e-02
0.001187692090255218, 1.76010358e-01, 3.95670719e+03, 3.55918960e+00, 4.88505048e-02
0.0006114347455656804, 1.71415053e-01, 4.23444766e+03, 3.64632471e+00, 4.20359149e-02
1.1425850753772716e-13, 1.78780302e-01, 3.93330251e+03, 3.56598904e+00, 4.72491057e-02
0.002381196461903859, 1.89419364e-01, 3.59753428e+03, 3.46312442e+00, 4.78525884e-02
8.03183996913281e-05, 1.73535165e-01, 3.95023172e+03, 3.57110251e+00, 4.55091628e-02
4.57710292816558e-08, 1.71760870e-01, 3.86800565e+03, 3.47063261e+00, 5.56394410e-02
0.00010440599988953381, 2.00203789e-01, 3.30385191e+03, 3.31123948e+00, 4.94079664e-02
2.595233110988833e-11, 1.16041610e-01, 3.44590831e+03, 3.55682349e+00, 4.28255848e-01
0.00041038475283501836, 1.87324965e-01, 3.62229923e+03, 3.41573725e+00, 4.78997345e-02
0.00042323602794698296, 1.80288354e-01, 3.92256430e+03, 3.55300978e+00, 4.58597273e-02
2.3417464805943498, 3.73890154e-01, 3.03957636e+03, 5.36285979e+00, 1.07665404e-01
0.0004583156152258884, 1.87620938e-01, 3.66950596e+03, 3.35253379e+00, 4.83314975e-02
0.8361629601769528,   1.        , 192.85150219,   1.00430554, 100.        
6.654657085096599e-12, 1.98032969e-01, 3.45638445e+03, 3.25941834e+00, 4.83564441e-02
0.0008181117340012834, 1.81610185e-01, 3.77372667e+03, 3.47101740e+00, 4.68132003e-02
2.5673058606896693e-14, 1.84938284e-01, 3.71025290e+03, 3.28655269e+00, 4.76765620e-02
2.571717782627138e-12, 1.72826104e-01, 4.05995597e+03, 3.57896546e+00, 4.76581462e-02
0.002326631594593915, 1.89419382e-01, 3.59753435e+03, 3.46312451e+00, 4.78525884e-02
0.0029422356917899644, 1.89419367e-01, 3.59753429e+03, 3.46312441e+00, 4.78525883e-02
0.0006491969124816843, 5.27045957e-01, 4.24771865e+03, 3.40726067e+00, 1.00000000e-04
0.9059635590478312,   1.        , 213.29087184,   1.04365317,  25.95873798
0.0004583156152258884, 1.87620938e-01, 3.66950596e+03, 3.35253379e+00, 4.83314975e-02
0.00015054353260227072, 1.78145362e-01, 3.81363116e+03, 3.50431199e+00, 4.64528513e-02
1.3369878504780839e-05, 1.77561260e-01, 4.13562479e+03, 3.65373989e+00, 3.84789230e-02
4.685547773029175e-12, 1.78164268e-01, 3.84622741e+03, 3.50153780e+00, 4.46134380e-02
1.0643214759663472e-11, 1.85169194e-01, 3.66615154e+03, 3.40524286e+00, 4.76331428e-02
4.8889079570516054e-14, 1.77904780e-01, 3.90369605e+03, 3.45911765e+00, 4.72548994e-02
0.8917386345801886,   1.        , 225.12955357,   1.08209774, 100.        
0.001410361831570978, 1.87467647e-01, 3.58111106e+03, 3.45494048e+00, 4.77906156e-02
4.568288615678293e-06, 1.85359858e-01, 3.71620627e+03, 3.40645403e+00, 4.69802549e-02
0.003351795101904797, 1.89419364e-01, 3.59753428e+03, 3.46312442e+00, 4.78525884e-02
0.0003539859288561966, 1.90695259e-01, 3.54392538e+03, 3.38692946e+00, 4.85714199e-02
1.8796264462868715e-13, 2.03108810e-01, 3.38071775e+03, 3.30083805e+00, 4.88589030e-02
0.0013473429875621138, 1.81779271e-01, 3.72627680e+03, 3.51943042e+00, 4.75909189e-02
7.971618990967594e-14, 1.73332564e-01, 4.16653194e+03, 3.64936223e+00, 4.32011026e-02
0.001801196967796584, 1.89419007e-01, 3.59753711e+03, 3.46312325e+00, 4.78525761e-02
0.00015097490364976196, 4.44223932e-01, 4.45784256e+03, 3.50980570e+00, 2.38430814e-04
0.0020881520877231298, 1.90751828e-01, 3.62918943e+03, 3.43835364e+00, 4.80094939e-02
3.947253255390026e-11, 1.86166030e-01, 3.70457864e+03, 3.38259644e+00, 4.77328544e-02
3.249259768696501e-11, 1.85769380e-01, 3.71045626e+03, 3.45411721e+00, 4.77066006e-02
1.8294689646696585e-12, 1.75920032e-01, 3.92135649e+03, 3.50901560e+00, 4.70567744e-02
5.366207230206885e-13, 1.83720787e-01, 3.66576693e+03, 3.31361256e+00, 4.75946053e-02
0.0008347810479781903, 1.89419367e-01, 3.59753429e+03, 3.46312443e+00, 4.78525884e-02
0.003062289079066859, 1.89419364e-01, 3.59753428e+03, 3.46312442e+00, 4.78525884e-02
0.0043631961461641595, 1.89419364e-01, 3.59753428e+03, 3.46312442e+00, 4.78525884e-02
1.3690294511178742e-07, 1.81612958e-01, 3.93362418e+03, 3.45241872e+00, 4.23428247e-02
0.0002411429566153421, 1.89990776e-01, 3.58516089e+03, 3.33967965e+00, 5.06233798e-02
2.5673058606896693e-14, 1.84938284e-01, 3.71025290e+03, 3.28655269e+00, 4.76765620e-02
0.003779654654280757, 1.90913558e-01, 3.61770800e+03, 3.45677737e+00, 4.78804632e-02
3.245358320374379e-11, 2.01698588e-01, 3.25900007e+03, 3.29422983e+00, 5.05552316e-02
1.7790694432993755e-05, 1.71155989e-01, 4.16530828e+03, 3.65974990e+00, 4.56949364e-02
0.3625107218551388, 1.30497177e-02, 5.29535509e+03, 1.00000000e+01, 1.00000000e+02
0.00011883883251674703, 1.71827558e-01, 4.08165180e+03, 3.58146821e+00, 4.70272077e-02
7.924750708441325e-15, 1.62784742e-01, 4.33097443e+03, 3.87492293e+00, 4.69668962e-02
4.086898561280411e-13, 1.78174661e-01, 3.90888297e+03, 3.45292622e+00, 4.72468318e-02
1.7276932884425523e-09, 1.24234793e-01, 3.87546337e+03, 3.65869998e+00, 2.20710315e-01
4.351408955388832e-12, 1.83907815e-01, 3.97291889e+03, 3.50919726e+00, 3.75250603e-02
0.0001261143776051913, 1.82971887e-01, 3.81059932e+03, 3.56428195e+00, 4.71841432e-02
0.9110629477307542,   1.        , 224.69992257,   1.07693211,  93.55753433
2.133499488356632e-11, 1.76388213e-01, 3.84637465e+03, 3.50549072e+00, 4.65990875e-02
0.0002963481520138, 1.87691368e-01, 3.68315013e+03, 3.37904683e+00, 4.80426423e-02
1.0915086543289985e-12, 1.76217288e-01, 3.83909534e+03, 3.50019997e+00, 4.71106347e-02
0.0033000346068791345, 1.89419365e-01, 3.59753428e+03, 3.46312442e+00, 4.78525884e-02
6.079857075367837e-13, 1.81325457e-01, 3.81507755e+03, 3.41428990e+00, 4.74369288e-02
3.216818628235984e-06, 7.46903658e-02, 4.59878892e+03, 4.76674536e+00, 1.07630903e+00
0.0008480991567815751, 1.85572838e-01, 3.90670880e+03, 3.55299002e+00, 3.86248254e-02
2.3889093299406034e-06, 1.81878412e-01, 3.85510455e+03, 3.43697103e+00, 4.57618220e-02
0.7597438231238806,   1.        , 138.39966646,   0.6822187 , 100.        
1.901881710984948e-05, 1.86455882e-01, 3.60666790e+03, 3.44976137e+00, 4.78761329e-02
0.40568835059456654,   1.        , 185.09779589,   1.21436834, 100.        
1.1327009877439187e-07, 3.34990321e-01, 3.42351666e+03, 3.20860950e+00, 4.05062299e-03
4.5051403109356495e-05, 2.01543096e-01, 3.44986331e+03, 3.37339278e+00, 4.72876234e-02
1.2661973089342633e-13, 1.09791681e-01, 3.47669950e+03, 3.62239323e+00, 5.16487511e-01
0.00035943890684641373, 1.80405021e-01, 3.76388523e+03, 3.52121929e+00, 4.71554383e-02
0.0007710579556412182, 1.88223528e-01, 3.63402106e+03, 3.40656472e+00, 4.78475528e-02
1.600732788532033e-11, 1.81572807e-01, 3.95495446e+03, 3.51655052e+00, 3.97122799e-02
0.8742749958140668,   1.        , 210.59605088,   1.05775877, 100.        
6.814301676833298e-05, 1.86466674e-01, 3.58247050e+03, 3.39931841e+00, 4.83054317e-02
0.0003413822291344253, 1.73209758e-01, 4.05358356e+03, 3.55776521e+00, 4.72606911e-02
0.0008928925396916633, 1.77974185e-01, 3.96494585e+03, 3.59590214e+00, 4.41531715e-02
0.000796459907386672, 1.88844537e-01, 3.65048269e+03, 3.38541312e+00, 4.82539977e-02
0.00013355693263276597, 4.27845827e-01, 4.16560309e+03, 3.33939058e+00, 4.23612037e-04
0.00011036341134145616, 1.83881185e-01, 3.80692440e+03, 3.42859368e+00, 4.59534159e-02
2.166155769192621e-05, 1.74191341e-01, 3.93827840e+03, 3.57083951e+00, 4.53729761e-02
0.836055669513548,   1.        , 216.80616069,   1.06249275, 100.        
5.003690253858356e-12, 1.99932908e-01, 3.45849193e+03, 3.37124095e+00, 4.84988433e-02
0.002983088818432676, 1.90834805e-01, 3.63840496e+03, 3.42033541e+00, 4.78466610e-02
5.89764998242088e-12, 1.77430732e-01, 4.09926288e+03, 3.70198382e+00, 4.20776640e-02
0.8648213979869127,   1.        , 214.49675552,   1.04316109, 100.        
0.0013797701277611248, 1.93990081e-01, 3.54834080e+03, 3.38115689e+00, 4.82827488e-02
0.8975610495007939,   1.        , 218.26965063,   1.04965813, 100.        
0.00018891716809358872, 1.90092695e-01, 3.51893250e+03, 3.35196755e+00, 4.99548290e-02
7.2338461836275e-08, 1.79973516e-01, 3.89225063e+03, 3.46269396e+00, 4.43270559e-02
4.8396720354893224e-05, 1.86917130e-01, 3.62776948e+03, 3.40396041e+00, 4.78957608e-02
2.012307649772416e-10, 1.92718253e-01, 3.56482786e+03, 3.29639345e+00, 4.79969033e-02
7.034417128943821e-12, 1.62735987e-01, 4.30130305e+03, 3.89420804e+00, 4.63030520e-02
5.58229434951199e-13, 1.92770708e-01, 3.56274310e+03, 3.29469639e+00, 4.80351539e-02
5.095744708864818e-06, 1.83028623e-01, 3.86376123e+03, 3.42923290e+00, 4.41211454e-02
0.0014663404226306631, 1.93960976e-01, 3.55114646e+03, 3.38018751e+00, 4.81541869e-02
7.30623203463511e-13, 1.79339444e-01, 3.75921008e+03, 3.46253198e+00, 4.72934937e-02
0.003919290749451174, 1.89419364e-01, 3.59753428e+03, 3.46312442e+00, 4.78525884e-02
5.344823335787253e-07, 5.17129775e-01, 4.32562198e+03, 3.40583858e+00, 1.00000000e-04
1.806263265243207e-11, 2.01055408e-01, 3.41455145e+03, 3.21960790e+00, 4.71500192e-02
3.4260880322768395e-06, 1.80351715e-01, 4.02480059e+03, 3.53302453e+00, 4.05898186e-02
5.602397150306465e-10, 1.24079632e-01, 3.83266171e+03, 3.73593128e+00, 2.08955551e-01
3.4178120788203994e-06, 1.78346854e-01, 3.99971257e+03, 3.55378648e+00, 4.41270877e-02
6.332284845194936e-05, 1.88733897e-01, 3.66332534e+03, 3.37354485e+00, 4.80628773e-02
0.0032019252303074337, 1.89419364e-01, 3.59753428e+03, 3.46312442e+00, 4.78525884e-02
0.0006079712432149919, 1.72254380e-01, 4.23500847e+03, 3.64541049e+00, 4.09656247e-02
0.0020837339785420416, 1.83086761e-01, 3.69825197e+03, 3.48338443e+00, 4.70959062e-02
1.969963652813017e-05, 1.79617438e-01, 3.90083749e+03, 3.45161696e+00, 4.60699101e-02
0.00034578170748522245, 1.78783691e-01, 3.78900793e+03, 3.50226311e+00, 4.70579911e-02
9.159569670306172e-06, 1.81246818e-01, 3.95503251e+03, 3.46964021e+00, 4.19098966e-02
1.8994359430191768e-12, 1.76806760e-01, 3.86817032e+03, 3.48507385e+00, 4.71399788e-02
0.0012390527569349932, 1.78299883e-01, 3.82423625e+03, 3.56941618e+00, 4.69072251e-02
0.0007300423763378366, 1.86829283e-01, 3.67222571e+03, 3.41188648e+00, 4.77086531e-02
0.0002331217623596567, 1.71223883e-01, 4.10815293e+03, 3.58031804e+00, 4.69845490e-02
3.155363694798879e-05, 1.90669621e-01, 3.65816723e+03, 3.44086620e+00, 4.80369675e-02
2.209700325156659e-06, 1.77540823e-01, 3.83233803e+03, 3.48618565e+00, 4.57701144e-02
0.0003233114238019523, 1.97189792e-01, 3.38743543e+03, 3.36947525e+00, 4.82262544e-02
0.0003850610974933088, 1.75864113e-01, 4.11077632e+03, 3.65116220e+00, 4.30475004e-02
0.0019887639874517564, 1.89420053e-01, 3.59753884e+03, 3.46312475e+00, 4.78525936e-02
0.00014746703276561515, 1.85386421e-01, 3.63426182e+03, 3.44318420e+00, 4.73886762e-02
0.00016257186095951367, 1.83022615e-01, 3.90439427e+03, 3.45677623e+00, 4.24668694e-02
5.1082009834026e-14, 1.97375763e-01, 3.43634931e+03, 3.27095125e+00, 4.83376251e-02
0.0021314861891061914, 1.89419370e-01, 3.59753430e+03, 3.46312442e+00, 4.78525883e-02
4.3581657286184145e-12, 2.02299793e-01, 3.28799900e+03, 3.28448779e+00, 5.05480410e-02
0.0008327498564331126, 1.85241357e-01, 3.74441340e+03, 3.44783517e+00, 4.81539370e-02
0.0003865550421396594, 1.74588674e-01, 4.12210814e+03, 3.65594854e+00, 4.42231124e-02
0.0008771892545068708, 1.88207867e-01, 3.68111428e+03, 3.38198062e+00, 4.79592130e-02
0.00017614941173640074, 2.33588349e-01, 3.99450962e+03, 3.41951729e+00, 1.26707284e-02
0.0010803010804299592, 1.91944483e-01, 3.61758604e+03, 3.44307826e+00, 4.81971544e-02
1.0876906060463472e-07, 1.76243471e-01, 3.92119248e+03, 3.46784164e+00, 4.83697939e-02
0.0034557516682105285, 1.89419364e-01, 3.59753428e+03, 3.46312442e+00, 4.78525884e-02
0.0030389168989927214, 1.89419364e-01, 3.59753428e+03, 3.46312442e+00, 4.78525884e-02
0.7733505242097969,   1.        , 135.47175004,   0.65785284, 100.        
1.3716648316168207e-14, 1.73994132e-01, 3.88479633e+03, 3.54445068e+00, 4.79487942e-02
8.609753847284384e-05, 1.83414443e-01, 3.66713978e+03, 3.37520629e+00, 5.37276598e-02
0.840453579067557, 1.45781458e-02, 5.68687880e+03, 1.00000000e+01, 1.00000000e+02
0.7940220173770227,   1.        , 128.61603347,   0.6079829 , 100.        
0.0021396489200023153, 1.88719413e-01, 3.60661236e+03, 3.44259097e+00, 5.03031297e-02
0.8322918427508408,   1.        , 214.28248486,   1.05116499, 100.        
0.0019454356958357548, 1.86205928e-01, 3.63657555e+03, 3.45633003e+00, 4.66528532e-02
0.0003546690121358001, 1.88596204e-01, 3.63957440e+03, 3.41020900e+00, 4.79131071e-02
3.7025957812976733e-13, 1.99049270e-01, 3.41534017e+03, 3.23293378e+00, 4.86626588e-02
0.00011908663138254492, 1.73831862e-01, 4.04945489e+03, 3.53939217e+00, 4.64747082e-02
8.256908362224398e-05, 1.70764214e-01, 3.99250039e+03, 3.61254868e+00, 4.71809235e-02
2.170313605717941e-05, 3.34480857e-01, 4.01082744e+03, 3.34731043e+00, 1.91543692e-03
0.00012813285255098512, 5.09111912e-01, 4.44947578e+03, 3.49696414e+00, 1.00000000e-04
1.1210331796278583e-13, 1.76081584e-01, 3.88594381e+03, 3.49249772e+00, 4.71408033e-02
0.0012603408598788226, 1.90779728e-01, 3.51282082e+03, 3.38037179e+00, 5.18153498e-02
2.3061879450946037e-10, 2.68114724e-01, 4.06832624e+03, 3.38137038e+00, 5.88546776e-03
1.0050487504144406e-09, 1.83013809e-01, 3.80557007e+03, 3.45209832e+00, 4.32300922e-02
0.8550184439987516,   1.        , 203.30235288,   1.04839613,  99.99999799
2.6766032809164796e-05, 1.83895641e-01, 3.68827786e+03, 3.41328730e+00, 4.78811822e-02
1.498145032272841e-13, 1.80928121e-01, 3.82706332e+03, 3.42432523e+00, 4.73993845e-02
6.432829915352253e-11, 1.78601157e-01, 3.92553801e+03, 3.57042868e+00, 4.72590223e-02
0.000654213238130983, 1.88352456e-01, 3.58205699e+03, 3.47497860e+00, 4.78224892e-02
0.7607242478901649,   1.        , 138.86665238,   0.68378816, 100.        
0.002131486880454571, 1.89419370e-01, 3.59753430e+03, 3.46312443e+00, 4.78525884e-02
4.2777441801713776e-12, 8.86286780e-02, 3.86137204e+03, 4.18228187e+00, 8.84088481e-01
5.4006720933687766e-05, 7.51267446e-02, 4.39448075e+03, 4.68317826e+00, 1.22575918e+00
5.832384616444891e-05, 1.75808436e-01, 3.86931474e+03, 3.54343286e+00, 4.67234993e-02
0.0004815997012713433, 1.97098073e-01, 3.35819984e+03, 3.28607481e+00, 5.27774543e-02
0.0008414517934277633, 1.76998183e-01, 3.96917249e+03, 3.57970901e+00, 4.70059837e-02
0.00012082172888598916, 1.73083211e-01, 4.00719015e+03, 3.55481207e+00, 4.65685281e-02
4.136159557507396e-11, 1.79659628e-01, 3.74965061e+03, 3.45415576e+00, 4.73170753e-02
0.0029422372744206606, 1.89419365e-01, 3.59753428e+03, 3.46312442e+00, 4.78525884e-02
1.8185878667676354e-12, 1.82335960e-01, 3.73729751e+03, 3.55346753e+00, 4.67719685e-02
0.0016322805616330574, 1.89478081e-01, 3.59948419e+03, 3.46522559e+00, 4.78515740e-02
0.0004097710173458371, 4.36600432e-01, 4.12276810e+03, 3.34188048e+00, 3.82641291e-04
1.8281386057306698e-06, 1.77729693e-01, 3.82348336e+03, 3.48710398e+00, 4.60191841e-02
0.9001037350763617,   1.        , 219.66205438,   1.05540017, 100.        
7.68847191631851e-06, 1.81033600e-01, 3.95441825e+03, 3.46979558e+00, 4.21913727e-02
0.00020191587783567003, 1.70329295e-01, 4.09078904e+03, 3.59463317e+00, 4.71648721e-02
1.7790694432993755e-05, 1.71155989e-01, 4.16530828e+03, 3.65974990e+00, 4.56949364e-02
2.573617673667287e-06, 1.76944460e-01, 3.86867496e+03, 3.48083773e+00, 4.68912959e-02
0.9026283593712058,   1.        , 219.54053041,   1.05935754, 100.        
9.28566374152516e-06, 1.75190385e-01, 3.98827879e+03, 3.51285375e+00, 4.74408170e-02
8.165261223023377e-14, 1.78735683e-01, 3.82829357e+03, 3.48427817e+00, 4.46380587e-02
3.08865564213736e-05, 1.78442220e-01, 3.88418366e+03, 3.46542210e+00, 4.64562450e-02
8.04590321542342e-05, 1.85475624e-01, 3.77429824e+03, 3.41639035e+00, 4.51977645e-02
0.0014188295038500864, 1.89419368e-01, 3.59753429e+03, 3.46312443e+00, 4.78525884e-02
3.0644191736184445e-05, 1.83985866e-01, 3.70578258e+03, 3.40789911e+00, 4.80443185e-02
0.002117763496685987, 1.82297897e-01, 3.71508703e+03, 3.48972326e+00, 4.71386861e-02
0.00010271499644797253, 1.88031002e-01, 3.67905575e+03, 3.37243703e+00, 4.76419771e-02
0.0017096340412535533, 1.87924691e-01, 3.63991735e+03, 3.45086363e+00, 5.12411703e-02
3.975602345989268e-06, 1.77842286e-01, 3.93585028e+03, 3.59536977e+00, 4.66201797e-02
0.0006145303442018667, 1.94686182e-01, 3.44735657e+03, 3.40903354e+00, 4.80407293e-02
0.0016382607991835066, 1.89419365e-01, 3.59753428e+03, 3.46312442e+00, 4.78525884e-02
1.4551861871595424e-05, 1.80061532e-01, 3.90938321e+03, 3.45507960e+00, 4.52034625e-02
3.8392556327223e-10, 1.80696074e-01, 3.87452576e+03, 3.51415940e+00, 4.75182933e-02
0.00016793083950818384, 1.88626235e-01, 3.66014000e+03, 3.36936408e+00, 4.79470016e-02
0.0010365301383200333, 1.89419364e-01, 3.59753428e+03, 3.46312442e+00, 4.78525884e-02
9.631904300487712e-08, 7.43312396e-02, 4.66113669e+03, 4.76515531e+00, 1.06127410e+00
0.0017736888493574137, 1.89419371e-01, 3.59753430e+03, 3.46312443e+00, 4.78525884e-02
3.537995478163892e-05, 1.91949743e-01, 3.48434858e+03, 3.34900353e+00, 5.15628321e-02
0.0003985904449482678, 1.73251694e-01, 4.09885701e+03, 3.65976211e+00, 4.59936960e-02
2.717956908523049e-13, 1.72572612e-01, 4.03978982e+03, 3.58435365e+00, 4.70343046e-02
6.807263843260399e-05, 1.91131407e-01, 3.47652665e+03, 3.36339644e+00, 4.89832710e-02
2.3794146822370816e-05, 1.73435913e-01, 3.91909525e+03, 3.54963845e+00, 4.68655517e-02
0.0016873408240076814, 1.90552830e-01, 3.61431321e+03, 3.45120167e+00, 4.78619217e-02
1.0931423782689967e-10, 1.86244327e-01, 3.67018869e+03, 3.43531835e+00, 4.81243153e-02
0.002006911753752872, 1.85392622e-01, 3.72363416e+03, 3.46462313e+00, 4.53662219e-02
1.534741680721106e-05, 1.78945627e-01, 3.95794136e+03, 3.47423481e+00, 4.41932792e-02
7.833759909813208e-14, 1.80390753e-01, 3.96281403e+03, 3.58301405e+00, 4.42664696e-02
6.06364801113216e-14, 1.62840094e-01, 4.33299731e+03, 3.87613416e+00, 4.68226369e-02
1.6064134134813553e-08, 3.30245620e-01, 3.65109543e+03, 3.25879781e+00, 3.25932855e-03
0.0002252670152872715, 1.79367629e-01, 3.80531559e+03, 3.49124371e+00, 4.53290873e-02
0.00019145181856509362, 1.88763020e-01, 3.65833751e+03, 3.36433003e+00, 4.79336989e-02
0.8660140568657966, 1.38228312e-02, 5.21761484e+03, 8.89512414e+00, 1.00000000e+02
2.001023000856375e-10, 1.84139346e-01, 3.64616672e+03, 3.42722167e+00, 4.76964236e-02
0.0034269961021551943, 1.89419364e-01, 3.59753428e+03, 3.46312442e+00, 4.78525884e-02
0.00020596822238299215, 1.69092460e-01, 4.00523623e+03, 3.61473685e+00, 4.85350513e-02
3.835842291063905e-05, 1.79038010e-01, 3.71411571e+03, 3.39919055e+00, 5.62647333e-02
1.638902515175448e-05, 1.88932242e-01, 3.58321428e+03, 3.38745870e+00, 4.80774341e-02
1.8113883253649135e-05, 7.70976765e-02, 4.05342138e+03, 4.57479828e+00, 1.43201190e+00
1.1071185531786024e-11, 1.78266646e-01, 3.90335965e+03, 3.44680656e+00, 4.73303127e-02
0.0030389180838800408, 1.89419364e-01, 3.59753428e+03, 3.46312442e+00, 4.78525884e-02
0.0006769752690007644, 1.87032925e-01, 3.65045649e+03, 3.40239042e+00, 4.78776563e-02
7.607613864655917e-13, 1.78273829e-01, 3.97053715e+03, 3.64437018e+00, 4.72151331e-02
0.00019597779622244598, 1.76430410e-01, 3.99436714e+03, 3.51859110e+00, 4.58116747e-02
0.8830645366654577,   1.        , 208.29185964,   1.02504151, 100.        
0.8831612377154077,   1.        , 208.5159578 ,   1.02610516, 100.        
0.0018096971174789995, 1.81731499e-01, 3.80671951e+03, 3.48626355e+00, 4.75249501e-02
1.565931991012121e-05, 1.77882791e-01, 3.95188701e+03, 3.47308976e+00, 4.58179221e-02
0.0004815997012713433, 1.97098073e-01, 3.35819984e+03, 3.28607481e+00, 5.27774543e-02
0.00030360229704860575, 1.78223355e-01, 3.90240324e+03, 3.48006511e+00, 4.80981144e-02
1.8157319758303093e-05, 1.83456091e-01, 3.73605575e+03, 3.50274599e+00, 4.72683938e-02
7.87684111956081e-12, 1.73394711e-01, 4.16770500e+03, 3.64998427e+00, 4.30902578e-02
4.9606535230339466e-14, 1.84984498e-01, 3.70970880e+03, 3.28777109e+00, 4.76789423e-02
0.7693354922496631,   1.        , 133.64706908,   0.65157439, 100.        
0.0026565011838624525, 1.89419363e-01, 3.59753428e+03, 3.46312442e+00, 4.78525884e-02
5.856051968023934e-07, 1.82499984e-01, 3.92743642e+03, 3.45129581e+00, 4.17064530e-02
7.581356828267989e-12, 1.16377850e-01, 3.44695286e+03, 3.54344674e+00, 4.27462560e-01
2.0983175694425434e-05, 1.74071342e-01, 4.14966266e+03, 3.65638902e+00, 4.13049216e-02
0.004237761010596745, 1.89419364e-01, 3.59753428e+03, 3.46312442e+00, 4.78525884e-02
7.256508957226298e-05, 1.92026330e-01, 3.48862889e+03, 3.41167638e+00, 4.82577653e-02
9.847135481414828e-05, 1.86479610e-01, 3.77350221e+03, 3.51298594e+00, 4.64560479e-02
0.0019501350031553182, 1.85521174e-01, 3.64010777e+03, 3.45851425e+00, 4.72960307e-02
0.0006179523101897154, 1.80979484e-01, 3.85143337e+03, 3.48679049e+00, 4.76984124e-02
0.00014627050821873198, 1.51553261e-01, 3.95807538e+03, 3.65779337e+00, 8.14958288e-02
0.00011194819771381122, 1.80773247e-01, 3.83059206e+03, 3.43909471e+00, 4.85531077e-02
1.4808477949508017e-05, 1.71979811e-01, 4.14074186e+03, 3.65665074e+00, 4.52508256e-02
0.0002331217623596567, 1.71223883e-01, 4.10815293e+03, 3.58031804e+00, 4.69845490e-02
3.421113394110382e-05, 3.90888654e-01, 4.24343755e+03, 3.46307070e+00, 5.71074340e-04
2.4794460945853633e-05, 1.78360998e-01, 3.89190951e+03, 3.46975342e+00, 4.62164724e-02
0.0008035680478587594, 2.01479173e-01, 3.84081573e+03, 3.47893393e+00, 2.62076650e-02
1.356194804084418e-05, 1.02235522e-01, 3.44581155e+03, 3.75184256e+00, 7.27812322e-01
0.00039641561348343924, 4.46359940e-01, 3.84685734e+03, 3.31509059e+00, 4.79797266e-04
3.356128816232845e-14, 1.99634388e-01, 3.44796188e+03, 3.37460857e+00, 4.86312722e-02
0.7475978879224812,   1.        , 132.85339437,   0.66341513, 100.        
0.00010984466029098351, 1.75802514e-01, 4.07071093e+03, 3.54218414e+00, 4.31567883e-02
0.001710320027588204, 1.89419364e-01, 3.59753428e+03, 3.46312442e+00, 4.78525884e-02
0.0011927990569505905, 1.82433075e-01, 3.93478230e+03, 3.55396077e+00, 4.11070398e-02
9.410159510139917e-06, 1.84817963e-01, 3.77361124e+03, 3.48414249e+00, 4.78312484e-02
1.5818724261978302e-05, 1.79327016e-01, 3.95724666e+03, 3.47149522e+00, 4.39727116e-02
0.003660605821381274, 1.89419334e-01, 3.59753423e+03, 3.46312436e+00, 4.78525882e-02
0.001423462978888787, 1.82172052e-01, 3.84764399e+03, 3.51518863e+00, 4.70130809e-02
0.0001949037008529566, 1.77256929e-01, 3.85391002e+03, 3.54199349e+00, 4.59563225e-02
1.960542053444474e-11, 1.83052619e-01, 3.78862139e+03, 3.52189328e+00, 4.75018152e-02
1.8840509360391023e-05, 1.79788819e-01, 3.86317002e+03, 3.46291621e+00, 4.60051385e-02
3.354036532022162e-05, 9.09562677e-02, 3.71640201e+03, 3.97672540e+00, 8.96725090e-01
0.0012249965726638518, 5.47758365e-01, 4.10562490e+03, 3.32318440e+00, 1.00000000e-04
1.7762278620335215e-05, 1.80485983e-01, 3.75000301e+03, 3.46194672e+00, 4.65244119e-02
0.00020394771848811547, 1.87288038e-01, 3.67834468e+03, 3.40145935e+00, 4.84593764e-02
0.8636329578564983,   1.        , 193.4514158 ,   0.99886122, 100.        
1.3753060075938458e-14, 1.79185784e-01, 3.92489407e+03, 3.45251585e+00, 4.52540308e-02
1.1606707833584497e-06, 1.78420199e-01, 3.87416573e+03, 3.47929078e+00, 4.49602570e-02
4.8985111768944556e-05, 1.66864564e-01, 3.96215768e+03, 3.53674800e+00, 5.79241823e-02
0.0031052331969167357, 1.89419328e-01, 3.59753422e+03, 3.46312429e+00, 4.78525875e-02
0.00029740625425683353, 1.86149076e-01, 3.64293299e+03, 3.41566698e+00, 4.79057758e-02
0.00026469620275483693, 3.20412893e-01, 3.80248560e+03, 3.33578284e+00, 2.90651628e-03
0.0002880432289353117, 7.64517142e-02, 4.08209720e+03, 4.57764806e+00, 1.43536812e+00
0.8216091188679265, 1.48253690e-02, 5.60353231e+03, 1.00000000e+01, 1.00000000e+02
4.136159557507396e-11, 1.79659628e-01, 3.74965061e+03, 3.45415576e+00, 4.73170753e-02
0.00016293690446737876, 1.78672532e-01, 3.87820243e+03, 3.45632583e+00, 4.86311690e-02
1.0714924863617334e-12, 1.75627956e-01, 4.12636232e+03, 3.65954056e+00, 3.99743947e-02
0.00010113804822413579, 1.74467699e-01, 4.00664640e+03, 3.55241187e+00, 4.50122777e-02
1.2923528249390124e-05, 1.87074723e-01, 3.64472704e+03, 3.43974011e+00, 4.74316879e-02
0.000722544759332845, 1.78881989e-01, 3.91558245e+03, 3.55965663e+00, 4.74012670e-02
0.8369869728983246,   1.        , 217.32295178,   1.0632924 , 100.        
0.00023472681511270096, 1.96508865e-01, 3.38400380e+03, 3.33918902e+00, 5.12046514e-02
2.467717988976409e-12, 1.96612804e-01, 3.48452809e+03, 3.44278872e+00, 4.82481583e-02
0.00032674075869036255, 1.82618546e-01, 3.74929598e+03, 3.45380141e+00, 4.66971335e-02
0.0004015164317041737, 1.88672686e-01, 3.66664553e+03, 3.38623569e+00, 4.79381317e-02
2.1979730217308265e-05, 1.87651683e-01, 3.60702540e+03, 3.38873767e+00, 4.80395217e-02
9.20395061492776e-13, 1.84389189e-01, 3.68955400e+03, 3.29811316e+00, 4.76039507e-02
7.66569618633355e-11, 1.73042990e-01, 4.04078273e+03, 3.56304874e+00, 4.80849526e-02
1.5839458009713894e-05, 1.74682037e-01, 4.05189463e+03, 3.57668281e+00, 4.59182231e-02
4.3949808169907083e-05, 1.76340140e-01, 4.04154424e+03, 3.53733427e+00, 4.39186080e-02
3.0893297865355825e-05, 1.84999777e-01, 3.69324875e+03, 3.40014572e+00, 4.75774364e-02
6.794379472285124e-05, 1.86432584e-01, 3.58176351e+03, 3.39966645e+00, 4.83916773e-02
0.42557779312763555,   1.        , 193.6857292 ,   1.22679201, 100.        
3.98855918287722e-05, 7.59405165e-02, 4.01012629e+03, 4.54482898e+00, 1.52366336e+00
9.926153711824282e-05, 1.82583311e-01, 3.91383147e+03, 3.46850479e+00, 4.25697998e-02
2.281439316243584e-06, 1.77491304e-01, 3.92147469e+03, 3.45924297e+00, 4.74126734e-02
0.0003683164553150599, 1.85373528e-01, 3.85601357e+03, 3.44182147e+00, 4.23264326e-02
0.00012674411682569615, 1.82522054e-01, 3.78575658e+03, 3.49408540e+00, 4.77054919e-02
0.885700763417534,   1.        , 207.0172387 ,   1.03837019, 100.        
5.897517936908788e-05, 5.27074863e-01, 3.85267549e+03, 3.27626621e+00, 1.67098628e-04
0.0032019247259711427, 1.89419364e-01, 3.59753428e+03, 3.46312442e+00, 4.78525884e-02
0.000561348219891978, 1.96308100e-01, 3.39476952e+03, 3.27426327e+00, 5.45291009e-02
0.0003980730573006015, 1.79076418e-01, 3.88987681e+03, 3.56348311e+00, 4.70618843e-02
0.0007001700426512679, 1.71594955e-01, 4.16968858e+03, 3.62991042e+00, 4.43672595e-02
0.0006123855192164773, 1.83808448e-01, 3.81340706e+03, 3.51469824e+00, 4.71662225e-02
9.067126753982682e-13, 1.05044582e-01, 3.95059611e+03, 3.89494615e+00, 3.94941081e-01
0.003062289953249023, 1.89419363e-01, 3.59753428e+03, 3.46312442e+00, 4.78525884e-02
0.832727921800805,   1.        , 214.61868054,   1.05409499, 100.        
8.676292382905088e-05, 1.86371874e-01, 3.58772849e+03, 3.40005867e+00, 4.81209093e-02
5.510555838066959e-12, 1.21004990e-01, 3.40129169e+03, 3.55478312e+00, 3.57263846e-01
3.546516181412542e-06, 1.74383200e-01, 3.92282866e+03, 3.47939139e+00, 5.14167314e-02
0.00017393413287775333, 1.92753348e-01, 3.43784872e+03, 3.37857136e+00, 5.00333752e-02
3.71770728987998e-13, 1.72918810e-01, 3.99268150e+03, 3.59032954e+00, 4.68544174e-02
0.00014998669443108114, 1.73434546e-01, 3.99079383e+03, 3.57218326e+00, 4.73078470e-02
1.409357050888533e-06, 7.46719944e-02, 4.21746434e+03, 4.60460352e+00, 1.40681863e+00
3.534222574960976e-13, 1.90595413e-01, 3.51184350e+03, 3.41321183e+00, 4.83864055e-02
0.0029337790035332345, 1.89419367e-01, 3.59753430e+03, 3.46312441e+00, 4.78525884e-02
1.8166970404238625e-06, 1.95686634e-01, 3.52193344e+03, 3.44074036e+00, 4.93853032e-02
8.067091305932012e-08, 1.80915497e-01, 3.94095755e+03, 3.45824687e+00, 4.27844777e-02
0.0001267558855991632, 1.70130837e-01, 4.19215697e+03, 3.65360848e+00, 4.54106692e-02
0.00036795616005192095, 5.38583928e-01, 4.10581587e+03, 3.33038926e+00, 1.00000000e-04
4.340782930112415e-11, 1.54288914e-01, 3.89241941e+03, 3.51771388e+00, 8.95043051e-02
0.0030012751639941423, 1.89419330e-01, 3.59753424e+03, 3.46312436e+00, 4.78525884e-02
0.00044244578874346575, 1.87784426e-01, 3.66026610e+03, 3.38984152e+00, 4.92748630e-02
0.813021053657905,   1.        , 197.92229187,   1.03712927, 100.        
0.00016054521357363025, 1.80154220e-01, 3.91515456e+03, 3.52127006e+00, 4.30799091e-02
0.8706146309934206,   1.        , 224.7304199 ,   1.08659618, 100.        
0.004363186280201067, 1.89419332e-01, 3.59753423e+03, 3.46312435e+00, 4.78525881e-02
2.930211223200858e-05, 1.71563693e-01, 4.04919477e+03, 3.68677461e+00, 4.47664163e-02
0.000995610560599329, 1.89298691e-01, 3.61550690e+03, 3.43665772e+00, 4.79419648e-02
0.0008865454737815861, 1.89419364e-01, 3.59753428e+03, 3.46312442e+00, 4.78525884e-02
0.00031908747638483286, 1.96942822e-01, 3.50638194e+03, 3.37562357e+00, 4.84610316e-02
6.8489034755430655e-12, 1.26140760e-01, 3.65959959e+03, 3.56098827e+00, 2.55088996e-01
0.0006062955160633189, 1.81112480e-01, 3.84987430e+03, 3.48635207e+00, 4.76293378e-02
2.285191183952396e-05, 1.82969479e-01, 3.82348541e+03, 3.57063041e+00, 4.42710717e-02
9.802926530886942e-05, 1.72181425e-01, 4.03200846e+03, 3.59794558e+00, 4.57870734e-02
2.3679523968752456e-13, 1.90994967e-01, 3.48569331e+03, 3.32806692e+00, 4.79715423e-02
1.904065554709481e-12, 1.81986560e-01, 3.82483199e+03, 3.56699718e+00, 4.64744549e-02
0.0004906948407878053, 1.95770194e-01, 3.36320161e+03, 3.28338891e+00, 5.49761836e-02
0.0020932013760501626, 1.88645427e-01, 3.62840825e+03, 3.41459105e+00, 4.78742266e-02
6.635982099221924e-05, 1.77755860e-01, 4.02886092e+03, 3.51297351e+00, 4.26089572e-02
0.0001741676051638595, 1.74237105e-01, 3.99941231e+03, 3.58912761e+00, 4.73278252e-02
1.126941822629515e-05, 7.99832560e-02, 4.40666423e+03, 4.46380167e+00, 9.06421217e-01
0.00018099137856605763, 1.88995594e-01, 3.65667846e+03, 3.36623707e+00, 4.78906563e-02
0.0017103181225941084, 1.90789570e-01, 3.63102238e+03, 3.44481892e+00, 4.80016126e-02
0.00018250278966565087, 2.31519446e-01, 3.97824687e+03, 3.42260490e+00, 1.32791357e-02
0.762442683993181,   1.        , 125.98521602,   0.61672311, 100.        
0.0004095712057093154, 1.74431686e-01, 4.12867484e+03, 3.65956503e+00, 4.38897362e-02
3.354036532022162e-05, 9.09562677e-02, 3.71640201e+03, 3.97672540e+00, 8.96725090e-01
2.637560126465382e-05, 1.48996239e-01, 3.76263082e+03, 3.57588891e+00, 1.05451295e-01
0.001710983147475368, 1.90926053e-01, 3.62715230e+03, 3.44304348e+00, 4.79376474e-02
0.8692743761293868,   1.        , 196.10767041,   1.01060549, 100.        
0.000703149183255552, 4.45414499e-01, 4.19630595e+03, 3.41369907e+00, 2.99423845e-04
2.754834066906859e-10, 9.43045695e-02, 4.13045517e+03, 4.16667476e+00, 5.27977383e-01
4.6553148497865e-10, 1.66558489e-01, 4.25133231e+03, 3.81697984e+00, 4.65491749e-02
0.0009053110663386202, 1.72099561e-01, 4.04072583e+03, 3.59372811e+00, 4.95617332e-02
2.873506622560969e-10, 1.03387311e-01, 3.68189523e+03, 3.89016275e+00, 5.54188794e-01
1.0908896718245434e-05, 7.79779799e-02, 4.03352335e+03, 4.59922730e+00, 1.35513720e+00
1.4551861871595424e-05, 1.80061532e-01, 3.90938321e+03, 3.45507960e+00, 4.52034625e-02
0.0003811111447798705, 1.90557970e-01, 3.50996618e+03, 3.39582865e+00, 4.83208965e-02
0.0019936040425306166, 1.89419365e-01, 3.59753428e+03, 3.46312442e+00, 4.78525884e-02
0.8990880552990383,   0.99998823, 218.54771907,   1.04970173, 100.        
2.1385293041292431e-07, 1.79877513e-01, 3.90862237e+03, 3.46692347e+00, 4.36820370e-02
0.873309912137448, 1.42074872e-02, 5.81837207e+03, 1.00000000e+01, 1.00000000e+02
7.66868870535857e-13, 1.97671098e-01, 3.51450396e+03, 3.42179456e+00, 4.83075425e-02
0.0008113787159537636, 1.78542479e-01, 3.83098400e+03, 3.58873818e+00, 4.65806085e-02
5.565566565911026e-13, 1.71691187e-01, 3.98602233e+03, 3.61790245e+00, 4.65960307e-02
0.0003490045083786581, 1.84344710e-01, 3.86625459e+03, 3.45467468e+00, 4.24388821e-02
0.00037863977256894236, 1.84307704e-01, 3.87369635e+03, 3.45861691e+00, 4.21026770e-02
6.2853448155184005e-12, 1.14826179e-01, 3.45365825e+03, 3.55836920e+00, 4.47636163e-01
2.3864039165616135e-11, 2.05421073e-01, 3.29592925e+03, 3.25321879e+00, 4.87595089e-02
0.0042665169859778945, 1.89419364e-01, 3.59753428e+03, 3.46312442e+00, 4.78525884e-02
0.0004482839521950898, 1.99398539e-01, 3.32553578e+03, 3.30097608e+00, 4.85463798e-02
3.2878963107974416e-06, 1.99002870e-01, 3.53819155e+03, 3.43520407e+00, 4.55634779e-02
0.0031052331969167357, 1.89419328e-01, 3.59753422e+03, 3.46312429e+00, 4.78525875e-02
0.0006631023086783095, 1.73614177e-01, 4.23599257e+03, 3.64095600e+00, 3.94969703e-02
0.00035498634670618113, 1.83941326e-01, 3.87756236e+03, 3.46043266e+00, 4.23596057e-02
0.8296319134373397,   1.        , 195.35411021,   1.01882195, 100.        
0.0003099792361467295, 1.89645215e-01, 3.56555546e+03, 3.50335805e+00, 4.78022696e-02
0.0018315492810691907, 1.89419364e-01, 3.59753428e+03, 3.46312442e+00, 4.78525884e-02
5.164065153208691e-06, 1.84255994e-01, 3.83945863e+03, 3.42541765e+00, 4.38922341e-02
3.822766512513326e-12, 1.09794112e-01, 3.89628143e+03, 3.88878797e+00, 3.25953914e-01
3.0495683447737705e-06, 1.79812573e-01, 3.77076236e+03, 3.46606734e+00, 4.61802429e-02
0.0035006708276208364, 1.89419364e-01, 3.59753428e+03, 3.46312442e+00, 4.78525884e-02
8.608370911879966e-07, 1.78877077e-01, 3.89338125e+03, 3.47339930e+00, 4.46606791e-02
0.8347149205731806,   1.        , 200.28091855,   1.02094245, 100.        
4.9819204781820345e-05, 1.82679610e-01, 3.68599779e+03, 3.44524432e+00, 4.73469444e-02
0.00017288335026364549, 1.99823955e-01, 3.30196614e+03, 3.36699652e+00, 5.10736966e-02
0.004237761010596745, 1.89419364e-01, 3.59753428e+03, 3.46312442e+00, 4.78525884e-02
0.0001168564687639613, 1.83548658e-01, 3.82119801e+03, 3.55401502e+00, 4.72056106e-02
3.443542289758531e-09, 1.79803214e-01, 3.91127142e+03, 3.44991696e+00, 4.52815324e-02
5.147039742333646e-13, 1.69596916e-01, 4.12807124e+03, 3.66683018e+00, 4.74546930e-02
2.6650045239521063e-08, 2.12006387e-01, 3.15007565e+03, 3.11913384e+00, 4.95066069e-02
0.001692817149332356, 1.88607334e-01, 3.67768517e+03, 3.39327648e+00, 4.79614446e-02
0.0014210333502348666, 1.83116319e-01, 3.82981130e+03, 3.52598838e+00, 4.33014437e-02
2.5512047801352828e-14, 1.68198965e-01, 4.11382621e+03, 3.73669050e+00, 4.62070239e-02
2.0133571075255386e-06, 1.80411959e-01, 3.80340990e+03, 3.45483113e+00, 4.60885739e-02
0.00013903943189631305, 1.82713871e-01, 3.81373421e+03, 3.48529646e+00, 4.78803478e-02
3.2142371077132254e-07, 1.79053278e-01, 3.85733182e+03, 3.47276088e+00, 4.50499264e-02
0.00010084988458581457, 1.87668075e-01, 3.65700687e+03, 3.36599616e+00, 4.91648227e-02
2.6674595172800664e-14, 2.13676367e-01, 3.16380894e+03, 3.10156351e+00, 4.87894870e-02
3.245358320374379e-11, 2.01698588e-01, 3.25900007e+03, 3.29422983e+00, 5.05552316e-02
7.071617304475425e-10, 7.94355674e-02, 4.45251996e+03, 4.59825348e+00, 8.77015480e-01
2.75139882864195e-11, 1.87769127e-01, 3.67378719e+03, 3.34609093e+00, 4.77989545e-02
0.8721450897884222,   1.        , 197.51654149,   1.01664848, 100.        
0.8934160216236529,   1.        , 210.99282747,   1.05384754, 100.        
0.0012830792107878567, 1.89419364e-01, 3.59753428e+03, 3.46312442e+00, 4.78525884e-02
0.00012746229670537984, 1.88007868e-01, 3.66165823e+03, 3.37086503e+00, 4.79577512e-02
8.960174329478659e-07, 1.17186210e-01, 3.45411141e+03, 3.54186259e+00, 4.15018120e-01
0.8797719504608933, 1.34071700e-02, 6.07260076e+03, 1.00000000e+01, 1.00000000e+02
0.0004716968717494365, 1.88651330e-01, 3.57740039e+03, 3.48813128e+00, 4.78592780e-02
4.434043094437682e-06, 1.72735284e-01, 3.93349664e+03, 3.48249070e+00, 5.28876631e-02
3.9148860081255016e-12, 1.74558279e-01, 3.99746321e+03, 3.58861062e+00, 4.70080047e-02
0.8986588405818405,   1.        , 215.7761556 ,   1.06203276, 100.        
0.0003821432272920191, 1.65642760e-01, 4.20827208e+03, 3.67029959e+00, 4.94335501e-02
4.041750263532826e-05, 1.84316990e-01, 3.74715774e+03, 3.39606316e+00, 4.82115476e-02
0.0006556172759869527, 1.69847244e-01, 4.22862896e+03, 3.64901730e+00, 4.38682392e-02
7.616361634875335e-05, 1.80668243e-01, 3.89815767e+03, 3.51359161e+00, 4.60752347e-02
2.6603613600811e-05, 1.73833418e-01, 4.00774659e+03, 3.55873825e+00, 4.57833766e-02
8.716305234708465e-13, 1.76138108e-01, 3.84108360e+03, 3.50231395e+00, 4.71055977e-02
0.0009088920258701637, 1.72663294e-01, 4.04093702e+03, 3.58976174e+00, 4.90925193e-02
9.082900695117154e-07, 1.77989108e-01, 3.93636063e+03, 3.46151105e+00, 4.61528079e-02
3.049505899987942e-08, 1.88230643e-01, 3.66173078e+03, 3.33667199e+00, 4.78260422e-02
0.002402673666236167, 1.89419363e-01, 3.59753428e+03, 3.46312442e+00, 4.78525884e-02
2.943427369764519e-11, 1.00659799e-01, 3.71704441e+03, 3.90116162e+00, 6.16194412e-01
2.8468841727925458e-09, 2.11562493e-01, 3.20209754e+03, 3.13603904e+00, 4.91060407e-02
2.738360029637046e-06, 1.91015846e-01, 3.46741473e+03, 3.36980705e+00, 4.98037318e-02
1.8758096498232998e-11, 1.23324690e-01, 3.36933733e+03, 3.55711709e+00, 3.27838465e-01
3.1121563240073106e-14, 1.72251259e-01, 3.96459622e+03, 3.60867844e+00, 4.68722817e-02
8.570687099982637e-12, 9.49492028e-02, 3.62787307e+03, 3.91843340e+00, 7.75906240e-01
4.847103094625772e-06, 8.60742077e-02, 3.62025288e+03, 4.11345113e+00, 1.16767740e+00
1.87737903724609e-12, 9.70610555e-02, 3.72299107e+03, 3.85736387e+00, 6.83642318e-01
0.0004583156152258884, 1.87620938e-01, 3.66950596e+03, 3.35253379e+00, 4.83314975e-02
1.4023870596845274e-10, 2.82198398e-01, 4.01051480e+03, 3.39670188e+00, 4.26589923e-03
2.128636746415505e-05, 1.74573040e-01, 3.92885443e+03, 3.57622888e+00, 4.55813726e-02
2.603883346423317e-07, 1.48619813e-01, 3.87578582e+03, 3.52954868e+00, 1.06347425e-01
0.0014990718965071526, 1.79739828e-01, 3.77855835e+03, 3.53985334e+00, 4.73032547e-02
1.7152255272194045e-12, 1.69593224e-01, 4.05090133e+03, 3.67423805e+00, 4.66625416e-02
3.537995478163892e-05, 1.91949743e-01, 3.48434858e+03, 3.34900353e+00, 5.15628321e-02
6.251335724834513e-10, 1.47814561e-01, 3.60764091e+03, 3.48675689e+00, 1.30876106e-01
0.0010152956047015358, 1.94831253e-01, 3.46477238e+03, 3.35656403e+00, 4.96031263e-02
1.8817293770916707e-12, 1.71871861e-01, 4.02333890e+03, 3.75895936e+00, 4.68896629e-02
2.646187168473034e-05, 1.83393916e-01, 3.66204297e+03, 3.42884003e+00, 4.76350132e-02
0.0012240289485970601, 1.89419389e-01, 3.59753436e+03, 3.46312448e+00, 4.78525882e-02
0.0021140543757731224, 1.88727095e-01, 3.66233741e+03, 3.42330391e+00, 4.67423530e-02
0.0009476392608440646, 1.75857255e-01, 3.88588784e+03, 3.61147483e+00, 4.70807662e-02
7.836872199262216e-15, 2.02328522e-01, 3.34967751e+03, 3.31888387e+00, 4.85531309e-02
1.9915772762159765e-14, 2.10930088e-01, 3.10077915e+03, 3.13704251e+00, 4.90755590e-02
0.8636609977796923,   1.        , 213.33145637,   1.04334856, 100.        
0.00019917422376817485, 1.80978505e-01, 3.88534979e+03, 3.58746802e+00, 4.58654105e-02
0.00020943726862690214, 1.86866100e-01, 3.62754712e+03, 3.40296078e+00, 4.78988171e-02
5.003690253858356e-12, 1.99932908e-01, 3.45849193e+03, 3.37124095e+00, 4.84988433e-02
1.1933612982909496e-12, 1.97266174e-01, 3.35641830e+03, 3.26825605e+00, 4.83261889e-02
0.00061224516894849, 1.83835927e-01, 3.81402333e+03, 3.51538841e+00, 4.70648461e-02
0.0003020266789464421, 1.73383083e-01, 4.04836032e+03, 3.55839328e+00, 4.71759518e-02
5.344823335787253e-07, 5.17129775e-01, 4.32562198e+03, 3.40583858e+00, 1.00000000e-04
0.002086163396179975, 1.89246364e-01, 3.59717097e+03, 3.46258409e+00, 4.78521748e-02
0.00024844812269864456, 4.75813315e-01, 3.72137064e+03, 3.28381228e+00, 3.77811596e-04
0.91330064350455,   1.        , 226.38787363,   1.07933826, 100.        
0.0020854574358773496, 1.89419366e-01, 3.59753429e+03, 3.46312442e+00, 4.78525884e-02
3.6150254195869715e-13, 1.71806296e-01, 4.10032215e+03, 3.61923495e+00, 4.68039497e-02
0.00029009201971983486, 5.34684706e-01, 4.13854677e+03, 3.34670324e+00, 1.00000000e-04
0.0016121135258714634, 1.85861569e-01, 3.77852104e+03, 3.49747342e+00, 4.39790267e-02
2.736870896948513e-06, 1.72304638e-01, 4.03961315e+03, 3.58936966e+00, 4.74356845e-02
0.0018315492810691907, 1.89419364e-01, 3.59753428e+03, 3.46312442e+00, 4.78525884e-02
0.8932983156058885,   1.        , 213.00024401,   1.0437348 , 100.        
0.001419191107780856, 1.85560315e-01, 3.58756226e+03, 3.45630737e+00, 4.78236008e-02
0.0005691890192821279, 1.68209550e-01, 4.24446983e+03, 3.65718966e+00, 4.52802397e-02
0.8733558771632651,   1.        , 214.53821781,   1.04032945, 100.        
0.0008248292273495885, 1.78193062e-01, 3.98955993e+03, 3.57339452e+00, 4.53035459e-02
0.003076490189591218, 1.89419364e-01, 3.59753428e+03, 3.46312442e+00, 4.78525884e-02
0.0007475400639909962, 1.75791536e-01, 4.14945117e+03, 3.62961680e+00, 3.91471705e-02
0.7848985860254907,   1.        , 125.28853731,   0.59684069, 100.        
0.00041405475484763743, 5.23254364e-01, 4.31544504e+03, 3.42988168e+00, 1.00241467e-04
4.775227038966572e-12, 1.96856915e-01, 3.49597978e+03, 3.43778526e+00, 4.82516523e-02
0.0009648448332392057, 1.94730548e-01, 3.43095401e+03, 3.37526896e+00, 4.83025259e-02
2.781672663329555e-09, 1.90543904e-01, 3.50109550e+03, 3.37064768e+00, 5.09977667e-02
6.955362781603207e-12, 1.81595143e-01, 3.73688361e+03, 3.55514071e+00, 4.76585722e-02
6.749145823683976e-10, 9.12862343e-02, 3.90938114e+03, 4.02131267e+00, 7.52630167e-01
1.5393886804369537e-07, 1.84121764e-01, 3.96876253e+03, 3.51002459e+00, 3.91611324e-02
0.002034792816251224, 1.89419370e-01, 3.59753430e+03, 3.46312442e+00, 4.78525883e-02
1.3126162859275349e-05, 1.73361913e-01, 3.94525298e+03, 3.56244008e+00, 4.83682322e-02
0.8861893629363969,   0.82651641, 195.5410322 ,   1.03740641,  49.38861512
0.00036560216591336787, 3.48157108e-01, 4.08621716e+03, 3.37906219e+00, 1.42035460e-03
0.00014998669443108114, 1.73434546e-01, 3.99079383e+03, 3.57218326e+00, 4.73078470e-02
0.00036216390229499174, 1.88744594e-01, 3.66724403e+03, 3.38809413e+00, 4.79317228e-02
0.8338273926580488,   1.        , 215.24381713,   1.05507958, 100.        
1.0646536675429415e-12, 1.72014877e-01, 3.96458070e+03, 3.61105740e+00, 4.72112509e-02
0.002919582758188991, 1.89419364e-01, 3.59753428e+03, 3.46312442e+00, 4.78525884e-02
0.8814028117324016,   1.        , 209.56404943,   1.03967438, 100.        
0.8789652355147634,   1.        , 217.83280865,   1.05336895, 100.        
7.140826900017809e-07, 1.81805632e-01, 3.92813475e+03, 3.45301744e+00, 4.24191102e-02
1.3497150150343994e-11, 1.97263257e-01, 3.35617006e+03, 3.26837726e+00, 4.83212687e-02
2.1778147143268147e-13, 1.82355508e-01, 3.74418613e+03, 3.47368804e+00, 4.75262669e-02
0.00012305206355077783, 1.67425586e-01, 3.86973600e+03, 3.54140090e+00, 6.02652819e-02
9.88638059429282e-05, 1.82153569e-01, 3.71804863e+03, 3.51462160e+00, 4.73243578e-02
4.340782930112415e-11, 1.54288914e-01, 3.89241941e+03, 3.51771388e+00, 8.95043051e-02
4.3870271913456706e-07, 1.81105898e-01, 3.93621183e+03, 3.45320635e+00, 4.27360568e-02
8.873611706373794e-14, 1.92832083e-01, 3.58048844e+03, 3.53089051e+00, 4.80161842e-02
0.00032347273884474265, 7.63863056e-02, 4.08205676e+03, 4.57613865e+00, 1.43969314e+00
3.247617144230788e-05, 1.77500951e-01, 3.96771443e+03, 3.51078560e+00, 4.58988539e-02
2.1274790018524713e-05, 1.74007321e-01, 4.07005816e+03, 3.58334933e+00, 4.58792297e-02
0.8580819855031039,   1.        , 217.34986709,   1.0578098 , 100.        
1.0754443241851332e-07, 1.79039505e-01, 3.91664773e+03, 3.45524351e+00, 4.59175749e-02
0.0032927381543054776, 1.89419368e-01, 3.59753428e+03, 3.46312444e+00, 4.78525883e-02
7.170368283150027e-06, 1.78517635e-01, 3.79348241e+03, 3.48514427e+00, 4.66989049e-02
9.62841020917683e-13, 9.53859895e-02, 3.84317058e+03, 3.99218742e+00, 6.37525207e-01
0.00022092098214437203, 1.83636326e-01, 3.66242474e+03, 3.45342505e+00, 4.77416917e-02
0.0016873408240076814, 1.90552830e-01, 3.61431321e+03, 3.45120167e+00, 4.78619217e-02
0.8022435735366551,   1.        , 192.15472216,   1.01159127, 100.        
0.00020212132023056975, 1.80667247e-01, 3.90482304e+03, 3.55437273e+00, 4.64044834e-02
0.00020928034092505577, 4.50312072e-01, 4.11051147e+03, 3.39056514e+00, 3.46598730e-04
3.727247210959332e-05, 1.85043619e-01, 3.62180826e+03, 3.41876606e+00, 4.80062955e-02
6.998191807981597e-11, 2.12527380e-01, 3.15499153e+03, 3.10494747e+00, 4.98790773e-02
5.205971989339485e-07, 1.78971135e-01, 3.76771655e+03, 3.46845280e+00, 4.73364869e-02
2.0107599646940286e-06, 1.78716364e-01, 3.88463297e+03, 3.46856254e+00, 4.51988022e-02
0.7559230887053141,   1.        , 113.61889901,   0.55205046, 100.        
0.00037116729359331843, 1.83755106e-01, 3.88955343e+03, 3.45668493e+00, 4.26604517e-02
0.8873025570408477,   1.        , 209.62202389,   1.03835951, 100.        
3.4071336176252024e-10, 9.89610286e-02, 4.00972426e+03, 3.93186286e+00, 5.00246970e-01
9.186502165029353e-12, 1.23282161e-01, 3.88269812e+03, 3.65870109e+00, 2.28644643e-01
8.909160494752331e-05, 1.80340176e-01, 3.79298627e+03, 3.47318752e+00, 4.70946888e-02
0.00014189926238822057, 1.80709298e-01, 3.74045095e+03, 3.48211810e+00, 4.70804551e-02
0.00018015591540318523, 1.80481791e-01, 3.83726614e+03, 3.46624507e+00, 4.57794823e-02
2.281439316243584e-06, 1.77491304e-01, 3.92147469e+03, 3.45924297e+00, 4.74126734e-02
3.5925610434698348e-12, 1.15118134e-01, 4.04095560e+03, 3.88748984e+00, 2.58147256e-01
0.8655098991298779,   1.        , 194.33856956,   1.00264811, 100.        
3.1971040796869187e-06, 1.81620320e-01, 3.95827424e+03, 3.47398715e+00, 4.14767289e-02
1.7103032788016722e-11, 2.08237281e-01, 3.26423933e+03, 3.19633516e+00, 4.91689376e-02
2.787720064334762e-11, 1.15310854e-01, 3.42777610e+03, 3.61277538e+00, 4.21263669e-01
2.88535839284094e-06, 1.72287365e-01, 4.08536329e+03, 3.58491339e+00, 4.70768882e-02
4.2777441801713776e-12, 8.86286780e-02, 3.86137204e+03, 4.18228187e+00, 8.84088481e-01
0.0009424664554975087, 1.89472002e-01, 3.67400459e+03, 3.44136977e+00, 4.71378180e-02
0.0005926155718244074, 1.95989489e-01, 3.52244561e+03, 3.37573211e+00, 4.85127996e-02
2.9243589339292583e-13, 1.67777761e-01, 4.11858408e+03, 3.73988885e+00, 4.65188453e-02
5.904943234752621e-05, 1.79156140e-01, 4.01616870e+03, 3.50765603e+00, 4.17120511e-02
8.136556118681343e-05, 1.87081004e-01, 3.64294299e+03, 3.38057973e+00, 4.78917475e-02
2.7820145510441405e-05, 1.88130417e-01, 3.58591337e+03, 3.46487340e+00, 4.78184737e-02
0.7596109381539399,   1.        , 138.43492696,   0.68248894, 100.        
1.3181708255911374e-06, 1.81183742e-01, 3.92088581e+03, 3.44875987e+00, 4.33303064e-02
0.001993605924109151, 1.89419365e-01, 3.59753428e+03, 3.46312442e+00, 4.78525884e-02
3.3889970121604163e-05, 1.77804410e-01, 3.96146465e+03, 3.51364555e+00, 4.53223828e-02
6.935560704842874e-05, 1.92564237e-01, 3.62396711e+03, 3.47593998e+00, 4.80663948e-02
0.00022092098214437203, 1.83636326e-01, 3.66242474e+03, 3.45342505e+00, 4.77416917e-02
1.551447919429529e-11, 2.13466212e-01, 3.16307365e+03, 3.09993322e+00, 4.92313981e-02
8.906218722032141e-05, 1.78765107e-01, 3.98834266e+03, 3.54937697e+00, 4.23194076e-02
2.9610563187342243e-10, 1.78095512e-01, 3.85030499e+03, 3.50251814e+00, 4.45185579e-02
0.7846927499769593,   1.        , 125.32918118,   0.59720388, 100.        
0.38352754448120385,   1.        , 188.45465674,   1.25093179, 100.        
0.00017929260730021208, 1.95849896e-01, 3.50275638e+03, 3.33302151e+00, 4.91600653e-02
3.610879425405752e-12, 1.01798228e-01, 3.99066483e+03, 3.89563264e+00, 4.53905024e-01
4.188348168204586e-05, 1.73929640e-01, 3.90825968e+03, 3.54426452e+00, 4.67715703e-02
2.8897958011794307, 2.42998121e-01, 3.65559373e+03, 4.05896642e+00, 6.56368325e-02
1.7196480307996815e-12, 1.17528044e-01, 3.89341431e+03, 3.73737885e+00, 2.66849267e-01
0.0001137529209577847, 1.88523728e-01, 3.64602695e+03, 3.35878144e+00, 4.89045124e-02
0.0002880432289353117, 7.64517142e-02, 4.08209720e+03, 4.57764806e+00, 1.43536812e+00
4.521483436606837e-06, 1.61797931e-01, 3.89434288e+03, 3.48931115e+00, 7.27621433e-02
3.298200697502122e-11, 1.25209786e-01, 3.55411100e+03, 3.52571841e+00, 2.89800270e-01
0.00010878899204522016, 1.75589232e-01, 3.89269388e+03, 3.57033236e+00, 4.62154033e-02
0.4109161024681586, 1.08104160e-02, 6.18871043e+03, 1.00000000e+01, 1.00000000e+02
0.0003203955253480358, 1.87693223e-01, 3.65145610e+03, 3.38540979e+00, 4.79122202e-02
0.000323871939931728, 1.94293409e-01, 3.57509679e+03, 3.43887455e+00, 4.82337692e-02
3.719159355469551e-05, 1.88778787e-01, 3.65926100e+03, 3.36869700e+00, 4.79442365e-02
2.2424523333974474e-13, 1.83065606e-01, 3.90110214e+03, 3.45920962e+00, 4.07552243e-02
6.334250376428096e-11, 1.81097147e-01, 3.83411730e+03, 3.42045248e+00, 4.74054166e-02
0.0020678558501395668, 1.83076213e-01, 3.69993058e+03, 3.48373312e+00, 4.70083209e-02
4.2619827926002204e-05, 1.87510129e-01, 3.71599625e+03, 3.39193722e+00, 4.67001747e-02
0.0005679358102279828, 1.69747646e-01, 4.19399260e+03, 3.65805666e+00, 4.38372275e-02
0.0008447950241896101, 1.88745465e-01, 3.67925127e+03, 3.40563707e+00, 4.78898529e-02
0.001748589268031684, 1.84827619e-01, 3.79927804e+03, 3.47789396e+00, 4.44883802e-02
0.00040456814675914965, 1.81769189e-01, 3.84018316e+03, 3.47136765e+00, 4.43816862e-02
0.4073183522633994,   1.        , 184.63090263,   1.21037783, 100.        
0.003141425238050162, 1.88977882e-01, 3.59827168e+03, 3.46051946e+00, 4.78534490e-02
6.37108430264708e-05, 1.88740143e-01, 3.66296978e+03, 3.37435006e+00, 4.79021503e-02
9.273717124648473e-13, 1.83380121e-01, 3.62966779e+03, 3.31958333e+00, 4.75730979e-02
9.578369854094496e-05, 1.85802305e-01, 3.77177248e+03, 3.51321666e+00, 4.73206812e-02
0.4229620165138524,   1.        , 193.91548896,   1.23049532, 100.        
1.3781590762698157e-12, 1.95603107e-01, 3.47569984e+03, 3.45640288e+00, 4.87038595e-02
7.753693397707942e-11, 1.76989311e-01, 3.89544641e+03, 3.69406744e+00, 4.66013767e-02
0.0019648499932973353, 1.89419365e-01, 3.59753428e+03, 3.46312442e+00, 4.78525884e-02
0.0004799305702331059, 1.97718832e-01, 3.31312322e+03, 3.29853058e+00, 5.10840285e-02
1.7235107094095412e-06, 1.77397500e-01, 3.87063944e+03, 3.48012929e+00, 4.62713711e-02
6.130573641760514e-13, 1.78050008e-01, 3.91534002e+03, 3.45394217e+00, 4.72282053e-02
3.68548778887488e-07, 1.74354568e-01, 3.90830024e+03, 3.54876860e+00, 4.63970380e-02
7.352192273908116e-05, 1.76693139e-01, 3.97884542e+03, 3.51953048e+00, 4.63206336e-02
6.054285926610833e-06, 1.77970572e-01, 3.98623447e+03, 3.54392788e+00, 4.31222898e-02
1.4349376872908712e-05, 1.71661709e-01, 4.14093640e+03, 3.65779567e+00, 4.56216255e-02
5.726034727875485e-06, 1.78692155e-01, 3.91731609e+03, 3.48013374e+00, 4.46973642e-02
5.516685030783324e-13, 1.82952362e-01, 3.64090976e+03, 3.32772382e+00, 4.75438052e-02
3.3243917501443995e-06, 1.79538214e-01, 3.82223953e+03, 3.45194148e+00, 4.73114580e-02
0.0003543413114421875, 1.83960822e-01, 3.85883766e+03, 3.44671632e+00, 4.37496536e-02
0.0032913261197330883, 1.89419364e-01, 3.59753428e+03, 3.46312442e+00, 4.78525884e-02
8.37364305168001e-05, 1.86985248e-01, 3.55257527e+03, 3.34551788e+00, 5.53439589e-02
0.00017286160232925116, 1.74356766e-01, 4.04380620e+03, 3.58407588e+00, 4.68594701e-02
4.6278869841094415e-12, 2.06062808e-01, 3.31509391e+03, 3.24219908e+00, 4.88085619e-02
6.150932480683631e-12, 1.76055339e-01, 3.88824406e+03, 3.49430027e+00, 4.70799397e-02
0.0011135863345672365, 1.15580460e-01, 3.52802726e+03, 3.67287221e+00, 4.20184530e-01
0.40101316381731045,   0.9963204 , 170.23578933,   1.18072299,  76.04831862
3.2374627474301833e-09, 1.91282039e-01, 3.49974873e+03, 3.34934284e+00, 5.13012699e-02
2.229677712381337e-12, 1.73211381e-01, 4.00742697e+03, 3.58118289e+00, 4.69117182e-02
2.501394122234973e-05, 1.72295031e-01, 4.17242326e+03, 3.64947360e+00, 4.38799891e-02
0.00032033850451906957, 1.84185595e-01, 3.77790437e+03, 3.43866088e+00, 4.55022860e-02
4.495456202576429e-05, 2.00894871e-01, 3.44272554e+03, 3.37087245e+00, 4.85193456e-02
7.184502909142641e-05, 1.87678666e-01, 3.63349103e+03, 3.46385870e+00, 4.78045053e-02
0.40602845369604895, 1.70457158e-02, 4.37966431e+03, 1.00000000e+01, 1.00000000e+02
0.004452597146647084, 1.89419364e-01, 3.59753428e+03, 3.46312442e+00, 4.78525884e-02
0.91330064350455,   1.        , 226.38787363,   1.07933826, 100.        
0.38358552438044125,   1.        , 188.42877576,   1.25078595, 100.        
0.00021818465333274891, 1.89214892e-01, 3.51126948e+03, 3.38114301e+00, 4.92577020e-02
1.275081233528846e-13, 1.87111858e-01, 3.74574220e+03, 3.51267723e+00, 4.73929223e-02
0.0007894803189715679, 1.87549960e-01, 3.67553296e+03, 3.44524380e+00, 4.73056082e-02
5.084853642739816e-05, 2.01188339e-01, 3.24072962e+03, 3.29551398e+00, 5.24169781e-02
1.7790694432993755e-05, 1.71155989e-01, 4.16530828e+03, 3.65974990e+00, 4.56949364e-02
4.787301751622798e-06, 1.75499155e-01, 4.00950378e+03, 3.53931186e+00, 4.65056366e-02
6.095450548519087e-11, 1.70957684e-01, 4.12971784e+03, 3.62513266e+00, 4.70843976e-02
0.9106254348445281,   1.        , 225.71514055,   1.07861308, 100.        
0.002195773999873148, 1.89145805e-01, 3.65209952e+03, 3.44113978e+00, 4.90912216e-02
4.8396720354893224e-05, 1.86917130e-01, 3.62776948e+03, 3.40396041e+00, 4.78957608e-02
0.000522103710364111, 1.91471407e-01, 3.40338195e+03, 3.29787877e+00, 5.83929091e-02
0.00042513996110406786, 1.74454133e-01, 4.10127825e+03, 3.66975627e+00, 4.34119582e-02
0.0003539859288561966, 1.90695259e-01, 3.54392538e+03, 3.38692946e+00, 4.85714199e-02
2.8126928816353766e-12, 8.98194457e-02, 3.65885558e+03, 4.11585435e+00, 9.99178742e-01
0.0006079712432149919, 1.72254380e-01, 4.23500847e+03, 3.64541049e+00, 4.09656247e-02
0.00048433560762887784, 1.97771231e-01, 3.31593443e+03, 3.29893241e+00, 5.08710527e-02
7.850629712079228e-06, 1.86158341e-01, 3.66176984e+03, 3.44039072e+00, 4.74258352e-02
0.0002958173848738191, 1.79574101e-01, 3.87989025e+03, 3.48001313e+00, 4.78061398e-02
0.0015554399187081925, 2.43435722e-01, 3.77433911e+03, 3.38969195e+00, 1.23953271e-02
5.863422015457769e-11, 1.88214420e-01, 3.58507639e+03, 3.47934281e+00, 4.77773516e-02
1.5569509218186537e-11, 1.07114845e-01, 3.29287481e+03, 3.61694062e+00, 6.64625412e-01
0.0032913261197330883, 1.89419364e-01, 3.59753428e+03, 3.46312442e+00, 4.78525884e-02
1.2509953156106669e-08, 2.37230541e-01, 4.30155618e+03, 3.58294476e+00, 8.66823983e-03
1.1266993095638924e-06, 1.80990580e-01, 3.93348948e+03, 3.45982249e+00, 4.24716009e-02
0.8765923416127113, 1.50150320e-02, 5.59855374e+03, 9.98980788e+00, 1.00000000e+02
0.0001949638899423994, 1.80120932e-01, 3.91278552e+03, 3.58911447e+00, 4.66256660e-02
8.557109410008765e-05, 2.00108759e-01, 3.33741348e+03, 3.27871635e+00, 5.19638114e-02
1.138240086426917e-06, 1.78066964e-01, 3.79836564e+03, 3.45916987e+00, 4.90656333e-02
1.8873273158558433e-09, 1.11114875e-01, 3.21444782e+03, 3.60761894e+00, 5.73513360e-01
2.9686796320652764e-09, 1.43870028e-01, 3.81017785e+03, 3.52698026e+00, 1.30189289e-01
0.002983088818432676, 1.90834805e-01, 3.63840496e+03, 3.42033541e+00, 4.78466610e-02
0.4239141218588773,   1.        , 194.50172464,   1.23155203, 100.        
0.0007563884421408505, 1.91505898e-01, 3.62693129e+03, 3.46465190e+00, 4.79170811e-02
5.015026563244344e-06, 1.06578389e-01, 3.89178715e+03, 3.86263493e+00, 3.91794699e-01
2.9235385741847335e-11, 8.54959614e-02, 4.27020696e+03, 4.45681820e+00, 6.93144954e-01
0.0009960631813903525, 1.89555675e-01, 3.40001149e+03, 3.37259138e+00, 5.58387012e-02
7.034417128943821e-12, 1.62735987e-01, 4.30130305e+03, 3.89420804e+00, 4.63030520e-02
1.231871827853222e-06, 1.89872032e-01, 3.52930826e+03, 3.34282782e+00, 5.35435751e-02
3.3633635170762325e-12, 1.02614799e-01, 3.28927843e+03, 3.73735643e+00, 7.27324588e-01
4.805792142635575e-10, 1.84215792e-01, 3.64655781e+03, 3.42700231e+00, 4.76108807e-02
6.326941593572833e-12, 1.62886841e-01, 4.29594179e+03, 3.89166264e+00, 4.63323881e-02
3.904912733126063e-07, 1.78445608e-01, 3.87582913e+03, 3.46900772e+00, 4.59515880e-02
2.5130746261789537e-13, 1.69285993e-01, 4.19917589e+03, 3.68864354e+00, 4.66785587e-02
1.7196480307996815e-12, 1.17528044e-01, 3.89341431e+03, 3.73737885e+00, 2.66849267e-01
0.8316995034456091,   1.        , 216.93647485,   1.05446655, 100.        
0.00399812103795826, 1.89419363e-01, 3.59753428e+03, 3.46312442e+00, 4.78525884e-02
0.00011908663138254492, 1.73831862e-01, 4.04945489e+03, 3.53939217e+00, 4.64747082e-02
0.0001949037008529566, 1.77256929e-01, 3.85391002e+03, 3.54199349e+00, 4.59563225e-02
0.0004809962938559643, 1.46722173e-01, 4.12001567e+03, 3.70524452e+00, 9.05021610e-02
0.0003961459497290186, 1.72563383e-01, 4.20508289e+03, 3.64467509e+00, 4.17932449e-02
0.8939293786829623,   1.        , 216.36422242,   1.04179243, 100.        
0.0017350720655058113, 1.89094637e-01, 3.60069042e+03, 3.46004235e+00, 4.78764092e-02
0.00038825360335559636, 1.75920361e-01, 4.11202446e+03, 3.65146503e+00, 4.29262949e-02
0.001244638299381837, 5.47171863e-01, 4.09641158e+03, 3.32402904e+00, 1.00000000e-04
1.03604693770611e-11, 1.87754029e-01, 3.67334843e+03, 3.34629970e+00, 4.78052968e-02
0.0003998333902272319, 1.81312563e-01, 3.80945109e+03, 3.49481820e+00, 4.77088290e-02
0.0024159642051756656, 1.86167815e-01, 3.58328619e+03, 3.45221490e+00, 4.79438467e-02
0.0001382784251324467, 1.87571534e-01, 3.86113665e+03, 3.40701184e+00, 3.87153762e-02
0.7803080141498236,   1.        , 133.8684814 ,   0.64477594, 100.        
8.136556118681343e-05, 1.87081004e-01, 3.64294299e+03, 3.38057973e+00, 4.78917475e-02
0.00011596820665484235, 1.85175712e-01, 3.83014256e+03, 3.42827191e+00, 4.36984970e-02
1.796365458174486e-06, 1.97533280e-01, 3.28087792e+03, 3.28620941e+00, 5.63661787e-02
7.772553803539069e-13, 1.14582483e-01, 3.43434784e+03, 3.57962993e+00, 4.44151320e-01
0.8848994550207187,   1.        , 221.19884359,   1.06698915, 100.        
7.82904271495542e-09, 1.81257564e-01, 3.90842620e+03, 3.45141362e+00, 4.32896958e-02
0.0020463855445239077, 1.90449027e-01, 3.61365423e+03, 3.44606776e+00, 4.78921657e-02
0.7340460353202202,   1.        , 126.7586343 ,   0.64166634, 100.        
0.00033733194009950737, 1.90791072e-01, 3.86039523e+03, 3.43103214e+00, 3.73432767e-02
2.5354995817856125e-11, 1.37955920e-01, 3.50030728e+03, 3.60119595e+00, 1.90361751e-01
4.8889079570516054e-14, 1.77904780e-01, 3.90369605e+03, 3.45911765e+00, 4.72548994e-02
0.00017277210291338394, 1.91112375e-01, 3.53586180e+03, 3.38718948e+00, 4.99510749e-02
1.2326965246004502e-12, 1.76151180e-01, 3.93233779e+03, 3.50246313e+00, 4.71017876e-02
0.001710320027588204, 1.89419364e-01, 3.59753428e+03, 3.46312442e+00, 4.78525884e-02
3.029102432513599e-11, 1.90110871e-01, 3.65619600e+03, 3.43541106e+00, 4.79080489e-02
0.0006922266328415062, 1.98399768e-01, 3.31480485e+03, 3.27956693e+00, 5.21931923e-02
6.281023367940234e-06, 1.78394650e-01, 4.03520108e+03, 3.54037390e+00, 4.21330073e-02
0.00021606957569065142, 1.52395110e-01, 3.26401486e+03, 3.39431086e+00, 1.59465759e-01
0.000475486096948881, 1.99162358e-01, 3.34475203e+03, 3.28769544e+00, 5.00338101e-02
4.3949808169907083e-05, 1.76340140e-01, 4.04154424e+03, 3.53733427e+00, 4.39186080e-02
0.0006738038394321823, 4.66714239e-01, 4.14515695e+03, 3.40663621e+00, 2.31325488e-04
0.8903560656676381,   1.        , 212.81833066,   1.03255659, 100.        
4.2073954690354307e-11, 1.32982273e-01, 3.50810901e+03, 3.52045967e+00, 2.21747285e-01
5.850895671544343e-07, 1.76296102e-01, 3.84879625e+03, 3.50537763e+00, 4.65933619e-02
0.0011299329321471008, 1.93890423e-01, 3.48377159e+03, 3.40231637e+00, 4.65231119e-02
0.0002089209511801701, 1.78925950e-01, 3.78652890e+03, 3.48672557e+00, 4.67551815e-02
0.002942238013536489, 1.89419370e-01, 3.59753430e+03, 3.46312442e+00, 4.78525883e-02
0.002541029677822172, 1.89419364e-01, 3.59753428e+03, 3.46312442e+00, 4.78525884e-02
1.114601675509637e-06, 1.82231626e-01, 3.77439647e+03, 3.46318315e+00, 4.34213388e-02
9.688812780987762e-14, 2.13534493e-01, 3.17358657e+03, 3.10960004e+00, 4.84549773e-02
0.0004280279116091253, 1.94717424e-01, 3.79659478e+03, 3.45922306e+00, 3.19033263e-02
1.0202293048443243e-13, 1.76949604e-01, 3.92857746e+03, 3.47036328e+00, 4.72070805e-02
2.209700325156659e-06, 1.77540823e-01, 3.83233803e+03, 3.48618565e+00, 4.57701144e-02
0.001419191107780856, 1.85560315e-01, 3.58756226e+03, 3.45630737e+00, 4.78236008e-02
0.0017736883756769752, 1.89419371e-01, 3.59753430e+03, 3.46312442e+00, 4.78525883e-02
3.529708829779841e-11, 1.96940897e-01, 3.39354869e+03, 3.25006351e+00, 5.00382355e-02
0.0009476392608440646, 1.75857255e-01, 3.88588784e+03, 3.61147483e+00, 4.70807662e-02
0.00016126527761771761, 1.86259645e-01, 3.66517150e+03, 3.40092833e+00, 4.77165628e-02
0.00043643441425466505, 1.80614085e-01, 3.77099764e+03, 3.48443607e+00, 4.57395553e-02
0.8314549257975044,   0.9985551 , 215.5185413 ,   1.05364245,  99.85408988
6.654657085096599e-12, 1.98032969e-01, 3.45638445e+03, 3.25941834e+00, 4.83564441e-02
0.8861893629363969,   0.82651641, 195.5410322 ,   1.03740641,  49.38861512
1.9973168955241924e-12, 1.84999846e-01, 3.71228950e+03, 3.28531114e+00, 4.76809369e-02
0.001088590401965091, 1.89419365e-01, 3.59753428e+03, 3.46312442e+00, 4.78525883e-02
9.982013656265641e-05, 1.90960054e-01, 3.58648405e+03, 3.38102648e+00, 4.69920864e-02
0.8614367477510678,   1.        , 219.38337744,   1.0645933 , 100.        
0.0008098892704809209, 1.95237379e-01, 3.42306759e+03, 3.33137105e+00, 5.13908919e-02
0.004102077820088364, 1.89419364e-01, 3.59753428e+03, 3.46312442e+00, 4.78525884e-02
0.00016030226370147935, 7.66314790e-02, 4.07328621e+03, 4.57643350e+00, 1.43651182e+00
1.1383169904004284e-13, 1.83462236e-01, 3.86729749e+03, 3.55215823e+00, 4.53503537e-02
0.00019003162117169704, 1.81274461e-01, 3.88481265e+03, 3.45771393e+00, 4.45884854e-02
0.0025938337699372574, 1.89419364e-01, 3.59753428e+03, 3.46312442e+00, 4.78525884e-02
0.00012124829393522199, 1.82645323e-01, 3.77185007e+03, 3.49791256e+00, 4.73884132e-02
0.0007726496156395363, 1.91440736e-01, 3.54363713e+03, 3.37930359e+00, 4.80879427e-02
0.00018338894341830475, 1.89355952e-01, 3.53974429e+03, 3.34457038e+00, 5.19033047e-02
0.00015786582453725838, 1.91938833e-01, 3.47020510e+03, 3.37050018e+00, 5.15053369e-02
1.8873273158558433e-09, 1.11114875e-01, 3.21444782e+03, 3.60761894e+00, 5.73513360e-01
0.870220033589944,   1.        , 214.68807787,   1.06692263, 100.        
3.66260122330418e-05, 1.83102278e-01, 3.66312298e+03, 3.42852726e+00, 4.78583350e-02
5.7082043793146254e-05, 1.89188914e-01, 3.62183907e+03, 3.39466988e+00, 4.80750024e-02
0.00015154167524719406, 1.89735127e-01, 3.58534032e+03, 3.35389138e+00, 5.10465100e-02
0.0026350232215257945, 1.89419326e-01, 3.59753427e+03, 3.46312433e+00, 4.78525884e-02
7.581356828267989e-12, 1.16377850e-01, 3.44695286e+03, 3.54344674e+00, 4.27462560e-01
0.003141425238050162, 1.88977882e-01, 3.59827168e+03, 3.46051946e+00, 4.78534490e-02
1.248426559405955e-05, 1.80483415e-01, 3.90886341e+03, 3.45460017e+00, 4.47742433e-02
4.340782930112415e-11, 1.54288914e-01, 3.89241941e+03, 3.51771388e+00, 8.95043051e-02
2.860786138818977e-07, 1.79042862e-01, 3.86160861e+03, 3.47445292e+00, 4.48619962e-02
0.0023120533969465985, 1.89419364e-01, 3.59753426e+03, 3.46312440e+00, 4.78525881e-02
1.8462331066091674e-07, 1.77991947e-01, 3.90759933e+03, 3.46960303e+00, 4.57778792e-02
0.000132714792672726, 7.79826628e-02, 4.03967312e+03, 4.61297871e+00, 1.32365215e+00
0.91330064350455,   1.        , 226.38787363,   1.07933826, 100.        
0.00032521528927638584, 1.94230352e-01, 3.57734763e+03, 3.43839581e+00, 4.83301324e-02
1.5342056997980916e-05, 1.86860084e-01, 3.57180196e+03, 3.39930252e+00, 4.85657679e-02
9.549781631718438e-11, 1.74351054e-01, 3.93659893e+03, 3.52710292e+00, 4.83719276e-02
0.003097954905624031, 1.89419364e-01, 3.59753428e+03, 3.46312442e+00, 4.78525884e-02
0.7693354922496631,   1.        , 133.64706908,   0.65157439, 100.        
0.00023383127938361286, 1.95043861e-01, 3.41671219e+03, 3.35986523e+00, 4.86134697e-02
4.2180848605705335e-06, 1.78819804e-01, 3.92089449e+03, 3.48114480e+00, 4.43994929e-02
5.365508840016698e-07, 1.79702054e-01, 3.86911819e+03, 3.46220443e+00, 4.48346453e-02
0.0015878562017766138, 1.88651878e-01, 3.64516027e+03, 3.45461036e+00, 4.67871613e-02
0.0012249965726638518, 5.47758365e-01, 4.10562490e+03, 3.32318440e+00, 1.00000000e-04
4.232498322905118e-05, 1.88214606e-01, 3.65924098e+03, 3.37085503e+00, 4.79146337e-02
5.9199784653598036e-08, 7.54261881e-02, 4.61111936e+03, 4.72904354e+00, 1.01730790e+00
0.0013890469303187692, 1.87684485e-01, 3.58573180e+03, 3.45506136e+00, 4.77798614e-02
4.083660920623909e-07, 1.79330097e-01, 3.86034853e+03, 3.47299499e+00, 4.45968770e-02
0.8987307197476786,   1.        , 215.41414038,   1.06152124,  99.99994294
0.0005075354935957025, 1.77177419e-01, 3.92513842e+03, 3.52007852e+00, 4.79117028e-02
0.0020538248083676984, 1.83247298e-01, 3.70473302e+03, 3.48523875e+00, 4.66150600e-02
6.033816692992374e-13, 1.14826371e-01, 3.86624277e+03, 3.80525507e+00, 3.20126128e-01
6.517548696918983e-06, 1.86073522e-01, 3.73486289e+03, 3.40007259e+00, 4.64382009e-02
1.752100698998988e-05, 1.71071514e-01, 4.16789653e+03, 3.65925947e+00, 4.58195146e-02
4.597367818127317e-12, 1.81929653e-01, 3.91400393e+03, 3.46389267e+00, 4.13170136e-02
0.0018877549517583418, 1.85687012e-01, 3.62258810e+03, 3.45643300e+00, 4.77941980e-02
4.7732497634078205e-14, 1.64270346e-01, 4.37151102e+03, 3.84123597e+00, 4.62809594e-02
0.00010154815633886993, 1.88433206e-01, 3.66377605e+03, 3.36674462e+00, 4.79393994e-02
0.00013895180992347633, 1.88484183e-01, 3.75277844e+03, 3.57525261e+00, 4.02635530e-02
9.822869990862605e-05, 1.86198697e-01, 3.77391635e+03, 3.51300774e+00, 4.67864367e-02
2.348831775152662e-13, 1.90974624e-01, 3.51272274e+03, 3.41288604e+00, 4.79268579e-02
0.0008110732850940643, 1.85629677e-01, 3.81917802e+03, 3.46697241e+00, 4.14258355e-02
0.000596303351748579, 1.82665693e-01, 3.71505946e+03, 3.54440434e+00, 4.75991933e-02
0.0019618983859147603, 1.85808902e-01, 3.77064891e+03, 3.46784070e+00, 4.37802794e-02
2.0728479792866452e-06, 1.72674449e-01, 4.02605646e+03, 3.59314843e+00, 4.67729426e-02
6.483875214552059e-10, 1.10011855e-01, 3.86165141e+03, 3.75830384e+00, 3.69505374e-01
0.00015863013750458068, 1.68654120e-01, 4.02018739e+03, 3.61959414e+00, 4.83999747e-02
5.3910026564086086e-11, 1.23348896e-01, 3.39518391e+03, 3.53621433e+00, 3.33360516e-01
3.719159355469551e-05, 1.88778787e-01, 3.65926100e+03, 3.36869700e+00, 4.79442365e-02
0.0004293457828026035, 1.87300700e-01, 3.62696141e+03, 3.41225399e+00, 4.78703342e-02
0.003105246294970517, 1.89419364e-01, 3.59753428e+03, 3.46312442e+00, 4.78525884e-02
3.904912733126063e-07, 1.78445608e-01, 3.87582913e+03, 3.46900772e+00, 4.59515880e-02
7.620717814910587e-12, 1.74304515e-01, 4.04235685e+03, 3.55974956e+00, 4.65211231e-02
0.0007207236255294574, 1.87489491e-01, 3.70010643e+03, 3.45754460e+00, 4.20523731e-02
3.063273701873617e-07, 7.60721039e-02, 4.57428714e+03, 4.66776835e+00, 1.00957500e+00
0.00040941326683974395, 8.52618246e-02, 3.72458950e+03, 4.13558490e+00, 1.18270961e+00
0.0008220483984364268, 1.87308355e-01, 3.65619963e+03, 3.39270430e+00, 4.79417088e-02
0.002020886456058477, 1.84290189e-01, 3.74043009e+03, 3.47205376e+00, 4.58381412e-02
0.0030906769975003246, 1.89419364e-01, 3.59753428e+03, 3.46312442e+00, 4.78525884e-02
6.545967707568194e-13, 1.62022292e-01, 4.32718982e+03, 3.90714325e+00, 4.61629396e-02
0.00046333366393984686, 1.96607700e-01, 3.33742198e+03, 3.29045192e+00, 5.33163895e-02
0.0005245934720413401, 1.85267334e-01, 3.63923988e+03, 3.47611606e+00, 4.76317462e-02
0.002047815406111574, 1.89419382e-01, 3.59753440e+03, 3.46312439e+00, 4.78525884e-02
3.974864168167826e-14, 1.67774078e-01, 4.18546149e+03, 3.72135308e+00, 4.66950725e-02
0.0015554399187081925, 2.43435722e-01, 3.77433911e+03, 3.38969195e+00, 1.23953271e-02
0.0003435743188022042, 1.90673288e-01, 4.15758972e+03, 3.63229950e+00, 2.85356222e-02
0.0018503084261140505, 1.64325692e-01, 3.58324270e+03, 3.47922575e+00, 9.65828905e-02
9.447863505510122e-07, 1.95485702e-01, 3.49179023e+03, 3.45054526e+00, 4.91197446e-02
7.00209632577591e-14, 1.91879925e-01, 3.45453547e+03, 3.36286956e+00, 4.95947527e-02
4.892539038394993e-06, 1.86751485e-01, 3.73843174e+03, 3.39275206e+00, 4.60760699e-02
0.8913738224982516,   1.        , 218.29282678,   1.0512365 , 100.        
2.2466217949107687e-05, 1.73146896e-01, 4.02213070e+03, 3.58917688e+00, 4.73842889e-02
0.8643286000471616,   0.99999138, 203.05864015,   1.04462242,  99.99244175
8.84950241190974e-12, 1.69212562e-01, 4.19865729e+03, 3.68909742e+00, 4.67611478e-02
3.312197694003772e-07, 1.78922447e-01, 3.76536035e+03, 3.46761942e+00, 4.74809799e-02
7.461437588384334e-07, 1.71540940e-01, 4.03920518e+03, 3.59969052e+00, 4.75294874e-02
0.0030389168989927214, 1.89419364e-01, 3.59753428e+03, 3.46312442e+00, 4.78525884e-02
1.2927788413293544e-14, 2.02675994e-01, 3.31694030e+03, 3.34019980e+00, 4.66858865e-02
0.0003910319314357107, 1.79406639e-01, 3.84934985e+03, 3.45132246e+00, 4.93245457e-02
3.719159355469551e-05, 1.88778787e-01, 3.65926100e+03, 3.36869700e+00, 4.79442365e-02
4.1904741830429046e-05, 1.85034428e-01, 3.72742501e+03, 3.40625594e+00, 4.66778276e-02
4.2696067533340986e-05, 7.56668972e-02, 4.01754386e+03, 4.53551976e+00, 1.54946370e+00
4.442798799304152e-05, 2.00985738e-01, 3.43886369e+03, 3.37079224e+00, 4.84899501e-02
0.8016468871479332,   1.        , 191.81601293,   1.01025792, 100.        
7.170385012602137e-13, 1.96125977e-01, 3.49027992e+03, 3.44990300e+00, 4.85315393e-02
9.28018752559061e-13, 2.11561978e-01, 3.20402732e+03, 3.13667908e+00, 4.89881840e-02
0.0007711093761556144, 1.96340693e-01, 3.38469523e+03, 3.34680335e+00, 4.88056751e-02
1.9658337369078137e-11, 9.86803784e-02, 3.44895006e+03, 3.85256148e+00, 7.96034041e-01
0.8183107013001263,   1.        , 203.95505582,   1.0333166 , 100.        
3.6741027179414323e-11, 1.73181256e-01, 4.06408712e+03, 3.57952226e+00, 4.70027439e-02
0.000822116545593307, 1.76545504e-01, 3.98415277e+03, 3.57764447e+00, 4.75826317e-02
0.8607561588241632,   1.        , 203.58237887,   1.02873558,  99.9991206 
1.2180260496235919e-05, 1.75850705e-01, 3.98603856e+03, 3.55697270e+00, 4.46562211e-02
0.0008978385559807849, 4.15568448e-01, 4.13348510e+03, 3.39223198e+00, 4.99158844e-04
0.0019902897276046325, 1.89419365e-01, 3.59753426e+03, 3.46312438e+00, 4.78525878e-02
4.824365780196344e-06, 1.80722359e-01, 3.83811161e+03, 3.44631898e+00, 4.60306467e-02
6.935560704842874e-05, 1.92564237e-01, 3.62396711e+03, 3.47593998e+00, 4.80663948e-02
1.4189362293030584e-12, 1.76538020e-01, 3.82923460e+03, 3.49166839e+00, 4.71299222e-02
2.7356109422509082e-12, 1.85815642e-01, 3.60334254e+03, 3.38849196e+00, 4.76500144e-02
0.0003000344752673793, 1.84753092e-01, 3.71954317e+03, 3.43603721e+00, 4.68912880e-02
0.8721450897884222,   1.        , 197.51654149,   1.01664848, 100.        
0.0027992078787169488, 1.89419364e-01, 3.59753428e+03, 3.46312442e+00, 4.78525884e-02
9.159569670306172e-06, 1.81246818e-01, 3.95503251e+03, 3.46964021e+00, 4.19098966e-02
2.106132180366089e-06, 1.77930188e-01, 3.83292622e+03, 3.48563687e+00, 4.52862570e-02
0.0005924525472941176, 1.90481480e-01, 3.41426404e+03, 3.30962445e+00, 6.01848110e-02
1.5833724684649764e-11, 1.99104493e-01, 3.45529928e+03, 3.37274748e+00, 4.94080964e-02
9.082900695117154e-07, 1.77989108e-01, 3.93636063e+03, 3.46151105e+00, 4.61528079e-02
6.512813776362303e-08, 1.93877484e-01, 3.44228004e+03, 3.46904420e+00, 5.01875456e-02
0.0017451941685241888, 1.86958694e-01, 3.77497308e+03, 3.47500830e+00, 4.25520125e-02
9.654043485807069e-10, 1.81649421e-01, 3.91468920e+03, 3.44735440e+00, 4.31435134e-02
8.016591739839373e-05, 1.73529323e-01, 3.94949201e+03, 3.57108931e+00, 4.55263939e-02
1.137432211353087e-13, 1.78693379e-01, 3.82522584e+03, 3.47995966e+00, 4.72449861e-02
9.929662256557166e-11, 1.02024059e-01, 3.90465575e+03, 3.91650518e+00, 4.61717692e-01
8.67678551896841e-06, 2.01608434e-01, 3.32476198e+03, 3.27850952e+00, 5.12408221e-02
0.00019943967408356502, 2.91879918e-01, 4.01960557e+03, 3.38541098e+00, 3.83951262e-03
0.0014843177083698905, 1.89470634e-01, 3.57637730e+03, 3.41375701e+00, 4.85432718e-02
0.00016169804024917684, 1.74538586e-01, 4.04427609e+03, 3.58254564e+00, 4.66674945e-02
8.016591739839373e-05, 1.73529323e-01, 3.94949201e+03, 3.57108931e+00, 4.55263939e-02
1.4278263686254977e-06, 1.78346352e-01, 3.89761901e+03, 3.46508284e+00, 4.58377211e-02
0.0020291033526250346, 1.89369152e-01, 3.56137472e+03, 3.47060900e+00, 4.75799064e-02
1.0764027161507664e-15, 1.75930519e-01, 4.09626716e+03, 3.62722846e+00, 4.31807151e-02
0.0029422372744206606, 1.89419365e-01, 3.59753428e+03, 3.46312442e+00, 4.78525884e-02
4.027783443609405e-07, 1.89086048e-01, 3.64187675e+03, 3.45337078e+00, 4.80432774e-02
6.825891887528472e-09, 8.12243736e-02, 4.35535409e+03, 4.62568834e+00, 8.18457876e-01
0.00023697873162938744, 1.71361688e-01, 4.10489283e+03, 3.57883329e+00, 4.70021797e-02
2.4383005745696403e-05, 1.72375480e-01, 4.05572978e+03, 3.58889166e+00, 4.79180546e-02
4.100757708773022e-05, 1.75174148e-01, 3.95759125e+03, 3.52464656e+00, 4.62505461e-02
0.001693736949921735, 1.84221300e-01, 3.67350008e+03, 3.48124751e+00, 4.72097142e-02
7.319442253670244e-12, 1.71414328e-01, 4.06809534e+03, 3.63354697e+00, 4.67878901e-02
0.0001264352124340918, 4.73561309e-01, 4.10223296e+03, 3.33910196e+00, 2.20148545e-04
8.70245140207906e-05, 1.45672008e-01, 3.45830152e+03, 3.46118061e+00, 1.62387518e-01
3.6940308089940208e-06, 1.78011364e-01, 3.83764488e+03, 3.48972222e+00, 4.50495727e-02
0.003307290318339885, 1.89419364e-01, 3.59753427e+03, 3.46312441e+00, 4.78525882e-02
0.8697619477763183,   1.        , 199.22395151,   1.02578437, 100.        
6.033816692992374e-13, 1.14826371e-01, 3.86624277e+03, 3.80525507e+00, 3.20126128e-01
4.220986400067287e-06, 1.77634978e-01, 3.95341191e+03, 3.48160575e+00, 4.53435617e-02
3.4071336176252024e-10, 9.89610286e-02, 4.00972426e+03, 3.93186286e+00, 5.00246970e-01
5.970130031413924e-13, 1.89550820e-01, 3.63468683e+03, 3.44799443e+00, 4.78696482e-02
0.8642448867121119, 1.50082307e-02, 5.60543768e+03, 1.00000000e+01, 1.00000000e+02
6.314419641750823e-05, 1.94892614e-01, 3.30729718e+03, 3.28340677e+00, 5.91430181e-02
7.124593613144547e-12, 1.64409558e-01, 4.37953862e+03, 3.83633952e+00, 4.62758013e-02
3.597761972855585e-05, 1.73850770e-01, 3.92318734e+03, 3.54859151e+00, 4.61632325e-02
0.0008061613145180174, 5.36452074e-01, 4.16749732e+03, 3.37217575e+00, 1.00000000e-04
1.4971856893274742e-13, 1.84154024e-01, 3.78133587e+03, 3.48469717e+00, 4.81256656e-02
0.0004602771032357566, 1.98659282e-01, 3.31396242e+03, 3.29579725e+00, 4.99468334e-02
0.00016448738578420588, 1.81821287e-01, 3.85960114e+03, 3.48015161e+00, 4.56381923e-02
0.00033112297925183716, 1.81707352e-01, 3.70067268e+03, 3.48114172e+00, 4.81715178e-02
0.0018293369409844728, 1.88783015e-01, 3.62549636e+03, 3.41427794e+00, 4.78524856e-02
0.00019638729475279445, 1.82194306e-01, 3.90078874e+03, 3.59304752e+00, 4.37753925e-02
2.5456195751785053e-05, 1.73020068e-01, 4.17779844e+03, 3.64983562e+00, 4.28215357e-02
5.905921659582611e-07, 1.81063384e-01, 3.92601489e+03, 3.45420466e+00, 4.32559923e-02
0.0001379144560852711, 1.72117814e-01, 3.95475139e+03, 3.53585111e+00, 5.12379119e-02
0.00012251665798422432, 1.75645868e-01, 3.89296239e+03, 3.54990948e+00, 4.57036690e-02
6.035471000523969e-08, 1.69513013e-01, 4.12838486e+03, 3.67512382e+00, 4.66765211e-02
0.0002712613741023572, 1.88580125e-01, 3.66190282e+03, 3.36860126e+00, 4.80109913e-02
8.136556118681343e-05, 1.87081004e-01, 3.64294299e+03, 3.38057973e+00, 4.78917475e-02
1.059414375165486e-05, 1.81801412e-01, 3.86152838e+03, 3.44344037e+00, 4.47830002e-02
1.2652372947572942e-12, 1.73463981e-01, 3.88776055e+03, 3.54625600e+00, 4.84643749e-02
0.003285834693616124, 1.89419366e-01, 3.59753429e+03, 3.46312442e+00, 4.78525884e-02
0.0013184986752148486, 4.68625910e-01, 4.07622842e+03, 3.33922688e+00, 2.65074530e-04
4.2240619851146056e-14, 1.84530282e-01, 3.79861798e+03, 3.57015653e+00, 4.75716270e-02
1.5481545221970148e-05, 1.77882790e-01, 3.79611057e+03, 3.48588219e+00, 4.72921952e-02
5.12313812990161e-06, 1.80947309e-01, 3.74493210e+03, 3.50830226e+00, 4.70954040e-02
9.832289832353797e-15, 1.83835271e-01, 3.92455346e+03, 3.47420690e+00, 3.91921833e-02
0.00021335239629289277, 1.66696976e-01, 4.07005507e+03, 3.58086731e+00, 5.47801779e-02
3.5066140720394422e-09, 1.80258237e-01, 3.89172798e+03, 3.46217661e+00, 4.40484233e-02
0.0007571315014896248, 1.84149130e-01, 3.83554181e+03, 3.45457435e+00, 4.41592141e-02
0.8848767821393415,   1.        , 208.25534325,   1.03252363, 100.        
5.621616936652679e-05, 1.86052570e-01, 3.66969842e+03, 3.40584641e+00, 4.78614354e-02
0.0004896358341701138, 1.91477029e-01, 3.39256880e+03, 3.29105316e+00, 6.03827398e-02
0.0017096340412535533, 1.87924691e-01, 3.63991735e+03, 3.45086363e+00, 5.12411703e-02
0.00015908554696661962, 1.74654582e-01, 4.03173917e+03, 3.57850181e+00, 4.72115478e-02
0.004018421302657669, 1.89419364e-01, 3.59753428e+03, 3.46312442e+00, 4.78525884e-02
3.083123239547558e-12, 1.73300195e-01, 4.06304635e+03, 3.57020084e+00, 4.67576066e-02
2.2036134578549443e-05, 1.70874841e-01, 4.16384004e+03, 3.65686477e+00, 4.53522870e-02
1.161457589106665e-07, 1.11654087e-01, 3.37185155e+03, 3.67062116e+00, 5.39170855e-01
0.00015421081557807667, 5.24070774e-01, 4.27116353e+03, 3.37797501e+00, 1.04028667e-04
0.0008580857753641242, 1.75794450e-01, 3.94989448e+03, 3.58848812e+00, 4.82195739e-02
0.898928549828082,   1.        , 218.18859025,   1.04915795, 100.        
0.0006882493367388696, 1.75352532e-01, 4.03041680e+03, 3.58624821e+00, 4.62805564e-02
0.0006269889976411935, 1.64720455e-01, 4.12045822e+03, 3.65132534e+00, 5.35956694e-02
7.170385012602137e-13, 1.96125977e-01, 3.49027992e+03, 3.44990300e+00, 4.85315393e-02
0.0022360367481874003, 1.89419364e-01, 3.59753428e+03, 3.46312442e+00, 4.78525884e-02
0.0003582645127966712, 1.84392678e-01, 3.86098343e+03, 3.45293069e+00, 4.25720085e-02
3.468552530010658e-06, 1.80330558e-01, 4.02388753e+03, 3.53309549e+00, 4.06194702e-02
0.8722891978348543,   1.        , 198.26374867,   1.01729906,  96.38063424
0.8649213840022766,   1.        , 210.28170225,   1.05911396, 100.        
0.0005818087013811619, 1.87232017e-01, 3.66784330e+03, 3.42189620e+00, 4.78753511e-02
0.00019181883803333843, 1.92258474e-01, 3.56550807e+03, 3.33534834e+00, 4.83785331e-02
1.2652372947572942e-12, 1.73463981e-01, 3.88776055e+03, 3.54625600e+00, 4.84643749e-02
1.0507244447573293e-06, 1.76374167e-01, 3.83684115e+03, 3.49227944e+00, 4.69227706e-02
2.8008549064410386e-10, 1.03874282e-01, 3.96524236e+03, 3.89634580e+00, 4.14441017e-01
6.050942805420726e-07, 1.81409067e-01, 3.92182050e+03, 3.45192661e+00, 4.30708399e-02
3.7182350960321378e-06, 1.77122053e-01, 3.86250493e+03, 3.47642373e+00, 4.69461447e-02
1.2509953156106669e-08, 2.37230541e-01, 4.30155618e+03, 3.58294476e+00, 8.66823983e-03
0.000784125030043507, 1.88310344e-01, 3.69694578e+03, 3.38389475e+00, 4.79910450e-02
0.003968865651811929, 1.89374903e-01, 3.59753848e+03, 3.46295607e+00, 4.78525747e-02
0.00014971245962457473, 1.84018645e-01, 3.88563897e+03, 3.44785007e+00, 4.22921733e-02
0.0019618983859147603, 1.85808902e-01, 3.77064891e+03, 3.46784070e+00, 4.37802794e-02
6.915116082779515e-05, 1.91705571e-01, 3.47170201e+03, 3.36007770e+00, 4.86327180e-02
4.60210051054777e-13, 2.06044050e-01, 3.26690210e+03, 3.19962650e+00, 5.14694558e-02
0.0009146419190530347, 1.75955619e-01, 4.03265411e+03, 3.58673065e+00, 4.48542255e-02
0.0025759656806035322, 1.89419378e-01, 3.59753431e+03, 3.46312431e+00, 4.78525873e-02
2.878217713716087e-13, 1.10880172e-01, 3.85277966e+03, 3.75781683e+00, 3.56979471e-01
0.0006079712432149919, 1.72254380e-01, 4.23500847e+03, 3.64541049e+00, 4.09656247e-02
2.289534525991064e-06, 2.01076100e-01, 3.26231971e+03, 3.29496603e+00, 5.09943417e-02
9.413347811735925e-13, 1.82784314e-01, 3.75820206e+03, 3.46492739e+00, 4.74604285e-02
8.613083140812005e-05, 1.79924972e-01, 3.94100979e+03, 3.49073711e+00, 4.36432264e-02
2.204649173055583e-11, 1.10867091e-01, 4.05268433e+03, 3.89285152e+00, 3.09304838e-01
2.019558964371881e-07, 7.99092481e-02, 4.42780391e+03, 4.54366730e+00, 8.78355563e-01
0.0004972893169524069, 1.89419363e-01, 3.59753428e+03, 3.46312442e+00, 4.78525884e-02
0.0038872421833374545, 1.89419364e-01, 3.59753428e+03, 3.46312442e+00, 4.78525884e-02
1.637696326186295e-05, 1.86895984e-01, 3.57385199e+03, 3.40057833e+00, 4.83942711e-02
6.42960766075142e-11, 1.63043227e-01, 4.38340984e+03, 3.84248373e+00, 4.78814654e-02
1.9507435298208494e-07, 1.80977121e-01, 3.93116556e+03, 3.45328148e+00, 4.30847946e-02
5.3910026564086086e-11, 1.23348896e-01, 3.39518391e+03, 3.53621433e+00, 3.33360516e-01
0.0016455143688280673, 1.89419364e-01, 3.59753423e+03, 3.46312438e+00, 4.78525878e-02
1.4770668848043307e-05, 1.84773356e-01, 3.73186110e+03, 3.49649311e+00, 4.73315020e-02
0.0007160025213614051, 1.89775498e-01, 3.63145721e+03, 3.45705248e+00, 4.77778618e-02
1.8840509360391023e-05, 1.79788819e-01, 3.86317002e+03, 3.46291621e+00, 4.60051385e-02
0.0003041942749268194, 1.95130019e-01, 3.34400452e+03, 3.28863881e+00, 5.61545352e-02
0.0005471669786684965, 1.80056815e-01, 3.77728857e+03, 3.50151055e+00, 4.85987165e-02
0.0014099498509009653, 1.82014525e-01, 3.83928579e+03, 3.51832929e+00, 4.70504785e-02
2.9966168275212154e-12, 1.93486947e-01, 3.60491947e+03, 3.51530255e+00, 4.80610108e-02
9.162629381847324e-07, 7.52132789e-02, 4.63420298e+03, 4.79062795e+00, 1.00146489e+00
5.093421476631839e-06, 1.83313351e-01, 3.86487668e+03, 3.43038287e+00, 4.36401190e-02
0.0033073129369898136, 1.89419364e-01, 3.59753428e+03, 3.46312442e+00, 4.78525884e-02
0.0011765562181873395, 1.86600906e-01, 3.59177191e+03, 3.41522176e+00, 4.79805523e-02
0.0006229048660315727, 1.68913436e-01, 4.24571151e+03, 3.65615838e+00, 4.42172453e-02
0.0006504352865737139, 1.83048603e-01, 4.22748461e+03, 3.64241782e+00, 2.96908956e-02
1.0754443241851332e-07, 1.79039505e-01, 3.91664773e+03, 3.45524351e+00, 4.59175749e-02
1.4551861871595424e-05, 1.80061532e-01, 3.90938321e+03, 3.45507960e+00, 4.52034625e-02
8.665567814438725e-12, 1.85799115e-01, 3.91924239e+03, 3.44848938e+00, 3.84141148e-02
2.313271584861106e-06, 2.25629892e-01, 4.10601549e+03, 3.53414856e+00, 1.23719267e-02
6.691926172048785e-12, 1.10289059e-01, 4.06486740e+03, 3.89234825e+00, 3.15907992e-01
8.226621739833143e-05, 1.85307469e-01, 3.73022661e+03, 3.52708589e+00, 4.73272318e-02
1.6064134134813553e-08, 3.30245620e-01, 3.65109543e+03, 3.25879781e+00, 3.25932855e-03
0.8660140568657966, 1.38228312e-02, 5.21761484e+03, 8.89512414e+00, 1.00000000e+02
3.20323828275677e-07, 1.95019045e-01, 3.47115001e+03, 3.45555172e+00, 4.95607480e-02
4.4708801501205695e-07, 1.78196916e-01, 3.87925157e+03, 3.46922701e+00, 4.60426837e-02
0.865411229398596,   1.        , 194.16764719,   1.00229452, 100.        
0.00027248020509737075, 2.01473339e-01, 3.27012578e+03, 3.34217644e+00, 5.10342120e-02
0.0012230284191296224, 1.90377278e-01, 3.51520584e+03, 3.38328454e+00, 5.21537190e-02
0.8976236565505525,   1.        , 221.7002156 ,   1.06475164, 100.        
0.0034484742054126235, 1.89419364e-01, 3.59753428e+03, 3.46312442e+00, 4.78525884e-02
2.333796263374396e-06, 1.83153943e-01, 3.85708481e+03, 3.43322915e+00, 4.44087719e-02
0.001605574383605743, 1.84907787e-01, 3.72810508e+03, 3.46468052e+00, 4.70278009e-02
2.6786210484351778e-06, 1.77597592e-01, 3.81745764e+03, 3.48551023e+00, 4.64560055e-02
1.2338730468653952e-11, 1.63920951e-01, 4.35454957e+03, 3.85212940e+00, 4.63513475e-02
1.996088703659841e-13, 1.64107472e-01, 4.37957671e+03, 3.83696921e+00, 4.66889993e-02
7.906632021279888e-05, 1.81889123e-01, 3.76988027e+03, 3.42206667e+00, 4.94455013e-02
4.482942587475885e-13, 1.78490657e-01, 3.89880571e+03, 3.44463974e+00, 4.72842600e-02
1.601279861554852e-09, 1.91169220e-01, 3.54269386e+03, 3.40241891e+00, 4.83446614e-02
1.26326646524465e-11, 1.98012129e-01, 3.45604783e+03, 3.25965816e+00, 4.83639507e-02
0.00011441811245153227, 7.56186829e-02, 4.28185820e+03, 4.64803069e+00, 1.29190936e+00
0.00021080571057292317, 1.71237016e-01, 4.07605371e+03, 3.58872110e+00, 4.67409503e-02
0.00283567224314022, 1.89419364e-01, 3.59753428e+03, 3.46312442e+00, 4.78525884e-02
0.8754722363696917,   1.        , 216.0759843 ,   1.04562289, 100.        
5.905921659582611e-07, 1.81063384e-01, 3.92601489e+03, 3.45420466e+00, 4.32559923e-02
8.092014193067484e-10, 1.06403690e-01, 3.48609821e+03, 3.77645971e+00, 6.13980234e-01
1.644740881878371e-12, 1.73679405e-01, 4.11801784e+03, 3.66200072e+00, 4.23541287e-02
1.174002812967792e-12, 1.74160805e-01, 3.90006729e+03, 3.54485021e+00, 4.69770585e-02
1.752100698998988e-05, 1.71071514e-01, 4.16789653e+03, 3.65925947e+00, 4.58195146e-02
0.001703293014340498, 1.90555109e-01, 3.63449640e+03, 3.44617154e+00, 4.80076987e-02
3.051996910925735e-10, 1.23390725e-01, 3.36920043e+03, 3.55694047e+00, 3.27067334e-01
6.935560704842874e-05, 1.92564237e-01, 3.62396711e+03, 3.47593998e+00, 4.80663948e-02
0.8765923416127113, 1.50150320e-02, 5.59855374e+03, 9.98980788e+00, 1.00000000e+02
2.738360029637046e-06, 1.91015846e-01, 3.46741473e+03, 3.36980705e+00, 4.98037318e-02
4.7937944435982916e-05, 1.84099420e-01, 3.75457545e+03, 3.40024306e+00, 4.81453346e-02