1.9684179168620535, 5.32237334e-03, 3.44290488e+04, 7.54141410e-01, 2.88225345e-01
0.294563503035428, 1.61125988e-03, 1.22719176e+05, 1.04578511e+00, 1.82157825e-01
1.2794678889758462, 5.00481471e-03, 4.64324281e+04, 6.68705946e-01, 2.50769282e-01
4.084583952299604, 4.64543333e-03, 1.95365694e+04, 6.40543105e-01, 3.55807873e+00
0.9459929874544314, 3.94328876e-03, 5.15391426e+04, 8.55954469e-01, 1.01450624e-01
1.153161518414418, 4.94646325e-03, 2.38929569e+04, 7.24726639e-01, 2.99156211e+00
1.178347612528948, 7.93049464e-03, 2.14587907e+04, 6.39220793e-01, 3.05931275e-01
1.2613538565802596, 5.85740607e-03, 3.07397305e+04, 6.70204227e-01, 1.68417569e-01
1.805105067219564, 7.20514178e-03, 5.66026089e+04, 7.18867884e-01, 6.05436089e-03
3.2558584555051233, 4.43572689e-03, 4.06587931e+04, 7.09135394e-01, 2.55739470e-01
0.9533018051242296, 1.53925851e-02, 1.77836984e+04, 6.25202999e-01, 2.68730707e-01
1.2134061913604037, 4.94110805e-03, 8.53866949e+04, 9.07352353e-01, 5.70245604e-03
0.847688937637881, 1.02435077e-02, 1.50765045e+04, 6.21167923e-01, 8.12831112e-01
1.957701498999736, 6.80604424e-03, 2.22175824e+04, 5.48772676e-01, 4.40867557e-01
1.2973681806607504, 3.08543900e-02, 1.05496437e+04, 4.67937678e-01, 1.15367131e-02
0.499616521441733, 1.50559351e-02, 1.16222779e+04, 5.22851787e-01, 3.12691787e-01
2.7648382049138274, 1.07544523e-02, 1.51964817e+04, 5.60813889e-01, 2.87448795e-01
1.3344551922633168, 3.44888375e-03, 5.08097270e+04, 9.97675097e-01, 3.42077454e-01
0.48528180702737683, 9.75339135e-03, 2.07538505e+04, 6.57784352e-01, 1.27443305e-01
0.947574217404678, 8.98657498e-03, 1.68704985e+04, 5.60517138e-01, 5.97982681e-01
1.0060316595374232, 2.57656298e-03, 4.43273586e+04, 7.86079348e-01, 1.23421731e+00
0.2665871360723696, 2.30244229e-03, 7.85154210e+04, 8.41961101e-01, 2.59342631e-01
0.7167737667532404, 2.93846196e-03, 6.88131804e+04, 7.24727052e-01, 1.48843836e-01
1.656677519346925, 6.58777843e-03, 3.52151914e+04, 6.12165355e-01, 2.77520233e-01
0.8620153231088565, 4.65235875e-03, 1.93674879e+04, 6.38978976e-01, 1.42931599e+00
0.3683686150038335, 9.24772846e-03, 6.57414401e+03, 5.56008082e-01, 1.13779669e+01
1.3543913988858545, 4.73217491e-03, 3.93763263e+04, 8.22644795e-01, 2.51012016e-01
3.7082677685808756, 3.99558705e-03, 2.56325346e+04, 6.40870338e-01, 2.51441575e+00
3.8470853481039518, 4.03588309e-03, 3.96681810e+04, 6.54515704e-01, 5.40351340e-01
3.5237974341057354, 1.01735509e-02, 1.33199568e+04, 5.86944069e-01, 5.76567005e-01
2.535991424428377, 1.11262837e-02, 1.85078094e+04, 6.63334018e-01, 1.92316308e-01
1.0225060730060853, 1.47667006e-02, 1.54734348e+04, 5.80789100e-01, 8.57584028e-02
0.8029400670215846, 4.55172351e-03, 4.04141857e+04, 8.17014160e-01, 2.31425556e-01
1.9199272173500248, 9.40566744e-03, 2.02408772e+04, 6.77454465e-01, 1.36460228e-01
1.6684246107503777, 5.45722629e-03, 2.45471894e+04, 8.08150807e-01, 8.57931081e-01
0.356593392365614, 4.90990663e-03, 3.85052745e+04, 6.49294611e-01, 2.41963444e-01
0.7110446517437938, 7.17827993e-03, 2.26655153e+04, 6.45751357e-01, 5.90279001e-01
2.375263619453547, 6.92798359e-03, 2.61814883e+04, 5.68324411e-01, 1.59858346e-01
2.0257026506928226, 4.62941301e-03, 4.03378195e+04, 6.33611234e-01, 2.37235526e-01
2.3891372125534245, 8.32056988e-03, 1.37123906e+04, 6.36120941e-01, 9.87464343e-01
0.920361112310214, 6.35283948e-03, 2.55288624e+04, 5.07546820e-01, 7.58549836e-01
2.081034993241956, 8.96302770e-03, 2.29555658e+04, 5.39941206e-01, 2.43170566e-01
2.050715849714731, 1.11591052e-02, 1.66693266e+04, 5.50528114e-01, 4.21801377e-01
0.22374516778332454, 3.72084767e-03, 5.25817249e+04, 8.98437954e-01, 2.14595781e-01
2.4839099801260316, 7.19125639e-03, 2.39669486e+04, 6.44361397e-01, 2.14872795e-01
0.768742468465827, 1.90989300e-03, 1.02529320e+05, 7.94132499e-01, 1.22470031e-01
1.363605253666413, 7.93772339e-03, 2.83242128e+04, 5.64209865e-01, 1.76965935e-01
0.36081831169490564, 3.21861292e-03, 4.07293014e+04, 8.12572056e-01, 5.71538957e-01
4.446665718825633, 5.39670151e-03, 4.12362102e+04, 6.01500384e-01, 2.58264121e-01
1.4772000705026087, 1.09075267e-02, 1.59325148e+04, 5.64651577e-01, 2.45305165e-01
2.8576846870633865, 1.62699275e-02, 9.72147541e+03, 5.55963376e-01, 2.90864576e-01
1.4096087549284086, 1.38346277e-02, 1.48380804e+04, 4.92578778e-01, 1.44047858e-01
0.5793285580875124, 3.19985235e-03, 4.34249027e+04, 8.01610442e-01, 4.32771193e-01
3.5240923832001747, 7.77787502e-03, 2.49962924e+04, 6.17478175e-01, 3.22293919e-01
2.1175075917613544, 2.08962766e-02, 8.46399294e+03, 5.32640306e-01, 2.63936263e-01
1.5468585650533966, 6.78079507e-03, 2.74192902e+04, 6.00177165e-01, 2.39606436e-01
0.6140229246379993, 1.31616736e-02, 2.98683899e+04, 6.51611938e-01, 6.51711316e-03
2.447701238554674, 1.19602657e-02, 1.68889805e+04, 5.79026085e-01, 1.71393760e-01
1.7301858340286473, 1.15153704e-02, 3.63739213e+04, 6.79254365e-01, 1.80274987e-02
1.883236664599, 4.55172351e-03, 4.04141857e+04, 8.17014160e-01, 2.31425556e-01
2.2113038005806636, 4.55172351e-03, 4.04141857e+04, 8.17014160e-01, 2.31425556e-01
0.23932024768437574, 4.58005546e-03, 3.24775154e+04, 7.37585642e-01, 5.36055928e-01
0.4058483549018927, 4.37192046e-03, 4.29260133e+04, 8.60919672e-01, 1.92972235e-01
3.397655686176704, 1.59618392e-02, 7.64659502e+03, 5.27324848e-01, 8.71120669e-01
0.6161462468806784, 4.21404207e-03, 4.60237735e+04, 6.07197224e-01, 2.66577023e-01
2.4981959465882926, 4.33870676e-03, 5.07234274e+04, 7.58956125e-01, 2.99209803e-01
1.1882783690043013, 1.29928828e-02, 1.39821546e+04, 5.40649656e-01, 5.71824209e-01
2.8928201021967395, 7.80897960e-03, 2.17082375e+04, 5.86479666e-01, 2.63580876e-01
0.7075732940162628, 1.71443150e-03, 1.03229690e+05, 9.49558082e-01, 2.01024536e-01
0.8247809794919154, 4.68202224e-03, 4.19369581e+04, 7.48645977e-01, 2.34013092e-01
1.544730208839425, 4.44226030e-03, 4.32657153e+04, 7.21846464e-01, 2.38056191e-01
1.0113242718635433, 8.39373860e-03, 3.17553682e+04, 6.72688515e-01, 1.51528487e-01
3.335067865016904, 9.39420508e-03, 2.11486071e+04, 5.47194029e-01, 1.66356055e-01
3.890573500375551, 3.84169110e-03, 3.68021076e+04, 6.62432039e-01, 2.27024303e-01
1.1568004418524687, 9.45668044e-03, 1.11537541e+04, 5.51337254e-01, 1.54984394e+00
0.7832112981291961, 4.78694087e-03, 2.92450297e+04, 7.12958862e-01, 7.48195938e-01
1.902449823571192, 3.37651764e-03, 3.78255657e+04, 7.95884841e-01, 7.68722699e-01
1.4916139977130536, 5.25486894e-03, 7.51633725e+04, 7.72090441e-01, 1.58352517e-02
0.5807686863907402, 4.95155599e-03, 5.29546593e+04, 7.59034394e-01, 2.72448879e-02
1.6504751156842548, 5.58824788e-03, 2.71224200e+04, 7.15557974e-01, 5.20143639e-01
1.7290351691948123, 6.37022237e-03, 2.42003708e+04, 7.38843776e-01, 4.62937008e-01
0.912955959628963, 8.47313218e-03, 2.04783081e+04, 5.90726597e-01, 2.63773127e-01
2.407211348073853, 4.97065049e-03, 4.21955803e+04, 6.52411243e-01, 6.38720025e-01
1.14807059208936, 8.53871526e-03, 2.16982042e+04, 6.41871778e-01, 2.34684612e-01
1.6136179199703629, 1.70721905e-02, 1.48352602e+04, 5.76911401e-01, 9.40916954e-02
2.697590367044717, 3.36250790e-03, 4.10833433e+04, 8.04074681e-01, 6.58210581e-01
1.0747656879470149, 9.13458905e-03, 1.77665929e+04, 6.30210879e-01, 6.25055456e-01
3.4333069510488885, 5.50339267e-03, 4.33497418e+04, 6.26979990e-01, 2.68600460e-01
0.7165284300024227, 9.35355164e-03, 1.43781430e+04, 6.85671461e-01, 7.61175443e-01
1.6425832647615293, 9.85313695e-03, 1.13376300e+04, 5.24006740e-01, 1.60552944e+00
3.5660339113874815, 7.32362667e-03, 2.17220671e+04, 6.21507408e-01, 9.34528690e-01
1.350681502050992, 3.48458815e-03, 5.13475274e+04, 8.47458662e-01, 3.59002140e-01
1.023612696363212, 5.35582810e-03, 2.96601708e+04, 5.68672066e-01, 5.91591985e-01
1.7754733052606388, 6.45087813e-03, 3.03518725e+04, 7.46540342e-01, 1.67616654e-01
1.5883543919084269, 4.65944750e-03, 4.21631967e+04, 7.59259552e-01, 2.32054061e-01
0.4497759198454681, 2.89190925e-03, 5.59794627e+04, 8.52581135e-01, 3.74019739e-01
0.942029240020092, 3.93480060e-03, 5.21473990e+04, 6.06562199e-01, 2.35829881e-01
0.6799093634289323, 8.12091867e-03, 2.24732427e+04, 5.89888415e-01, 2.12401780e-01
3.341455368005445, 1.28808283e-02, 1.27763603e+04, 5.40566697e-01, 5.78626984e-01
1.320767661115353, 1.29105631e-02, 1.67191869e+04, 6.29941939e-01, 2.23339284e-01
3.882962304614453, 5.87287123e-03, 2.68562991e+04, 5.89324470e-01, 6.10154789e-01
2.1356541632394874, 5.10978659e-03, 1.61938085e+04, 5.76022591e-01, 4.35315033e+00
1.5432434519871783, 8.01223514e-03, 2.22240951e+04, 7.31260302e-01, 2.60056961e-01
1.9845376583303234, 7.75780744e-03, 1.99238954e+04, 6.34091165e-01, 3.44972394e-01
3.327414014188602, 1.78934784e-02, 1.77620794e+04, 5.67418910e-01, 1.43000363e-02
0.8501455893107809, 7.95897799e-03, 2.51540596e+04, 6.97915325e-01, 3.71982913e-01
0.5314195300109145, 1.98835724e-03, 6.37058166e+04, 8.62439976e-01, 5.22175524e-01
4.071241309099966, 1.42017385e-02, 1.38696129e+04, 5.47115931e-01, 2.65156802e-01
2.817827515922804, 1.93793295e-02, 1.29592309e+04, 5.33730051e-01, 1.80731519e-01
1.1007117241181668, 1.99125840e-02, 1.83350068e+04, 5.46859050e-01, 2.84403589e-02
0.5584366749238522, 2.08871728e-03, 7.93354173e+04, 1.00242022e+00, 5.52857840e-01
2.9780548973289935, 7.52087896e-03, 1.51124233e+04, 6.12959691e-01, 9.42401842e-01
1.0477469847255976, 6.19641160e-03, 2.69132588e+04, 6.70262903e-01, 4.41448340e-01
0.6960513039843448, 3.59487685e-03, 4.94015856e+04, 8.97345112e-01, 4.75438554e-01
1.1147560618712782, 1.36248824e-02, 2.92103934e+04, 6.57528627e-01, 6.35137606e-03
1.8172931397100724, 5.67654142e-02, 6.70116330e+03, 4.69791939e-01, 6.86312020e-03
1.7780172262429863, 7.25341678e-03, 2.46816439e+04, 5.72013067e-01, 1.92316026e-01
1.4666204906700826, 3.38706868e-03, 2.61469627e+04, 7.49063680e-01, 1.75178685e+00
1.965698569701127, 1.08725315e-02, 1.22775845e+04, 6.09710847e-01, 6.67018315e-01
0.8727089610639861, 4.24705000e-03, 8.07533455e+04, 8.58566555e-01, 1.10288254e-02
2.392463959613523, 1.30139547e-02, 2.03167604e+04, 5.93159568e-01, 1.11869406e-01
2.067877106841083, 5.20176668e-03, 3.48745031e+04, 5.94801680e-01, 2.48147360e-01
3.0012729087410595, 7.94963262e-03, 2.27587477e+04, 6.00793740e-01, 2.26102523e-01
0.7049053328978996, 1.09160906e-02, 1.93660632e+04, 6.56546315e-01, 2.18770157e-01
5.314571861823336, 1.04090687e-02, 1.50947467e+04, 5.76923251e-01, 6.26910239e-01
0.84989333318774, 4.85820055e-03, 2.63876987e+04, 6.20510314e-01, 1.03693918e+00
0.6349436200888131, 4.71178693e-03, 3.44395486e+04, 7.69185544e-01, 1.01324210e+00
4.046812258950014, 4.72883183e-03, 3.99814178e+04, 6.11299427e-01, 1.90770971e-01
2.1542130489258446, 9.37895361e-03, 1.99173631e+04, 5.82308840e-01, 4.53097902e-01
1.3864333664361754, 5.33643366e-03, 2.01288822e+04, 6.75090553e-01, 1.06826414e+00
3.3794764829724935, 2.90233156e-02, 7.73717038e+03, 5.00335042e-01, 1.96928758e-01
2.7983819445839964, 1.65065489e-02, 1.17017031e+04, 5.33329090e-01, 2.24308477e-01
0.642211738149626, 3.21638708e-03, 3.05779160e+04, 7.58185555e-01, 1.34703129e+00
0.968962336835941, 1.37575149e-02, 1.66253395e+04, 5.38273818e-01, 1.19793789e-01
1.4323491659870442, 1.28414094e-02, 1.18277755e+04, 5.16713739e-01, 5.77659740e-01
2.2155312581808553, 4.55172351e-03, 4.04141857e+04, 8.17014160e-01, 2.31425556e-01
1.321937642475871, 3.98600187e-03, 3.69169831e+04, 6.61648895e-01, 3.66836734e-01
2.98235521194125, 4.23667470e-03, 4.63574807e+04, 6.82377297e-01, 2.22320549e-01
0.7737838284309335, 3.64243198e-03, 5.47970849e+04, 7.92333072e-01, 6.41341116e-01
0.37788262361649505, 6.63164676e-03, 2.02740817e+04, 6.69341777e-01, 5.80459320e-01
2.568874154778973, 9.14185780e-03, 1.64972091e+04, 5.82808206e-01, 5.82510090e-01
1.3513300368961354, 5.91610848e-03, 3.21845837e+04, 6.93865326e-01, 2.42022661e-01
0.714150839357107, 1.70914173e-03, 5.26352487e+04, 7.45684588e-01, 2.45809423e+00
1.0991468916025056, 5.35176449e-03, 2.68290759e+04, 8.88715158e-01, 5.69752670e-01
0.31056533859803337, 1.37556869e-02, 1.62748982e+04, 5.90712084e-01, 4.52052628e-01
2.383068534864429, 4.36635628e-03, 5.15418532e+04, 6.08270020e-01, 2.29300572e-01
0.6014880210383577, 1.27047724e-02, 1.43138166e+04, 5.50767717e-01, 2.42241777e-01
0.5460427845726079, 3.30505695e-03, 6.16821050e+04, 7.13360102e-01, 2.32242688e-01
1.9240559662124819, 6.55116287e-03, 2.70515167e+04, 6.64754688e-01, 2.04558417e-01
1.5509604833461021, 5.76017593e-03, 3.42597169e+04, 6.87832370e-01, 1.60586288e-01
1.35872331059959, 3.80033768e-03, 5.68468782e+04, 8.40502288e-01, 2.17635375e-01
2.3800810340647978, 1.72703050e-02, 1.23819371e+04, 5.24047629e-01, 1.40804461e-01
0.9871559241426833, 6.88468622e-02, 9.42575153e+03, 5.00291754e-01, 9.36631276e-04
1.8400480992377382, 6.92966868e-03, 3.22567779e+04, 5.49033865e-01, 2.57958098e-01
2.954871195588929, 4.11586062e-03, 3.83414108e+04, 7.39250807e-01, 6.64403903e-01
1.6575487084326634, 5.94670710e-03, 4.40314083e+04, 7.34523519e-01, 2.54110742e-01
1.7537331710251154, 2.70547183e-02, 4.42490947e+03, 4.66337220e-01, 9.00084093e-01
1.5965113669843238, 2.91117424e-03, 4.03098769e+04, 8.95916473e-01, 9.23327429e-01
1.249266906871165, 3.49639254e-03, 5.71304814e+04, 7.24284333e-01, 2.35516992e-01
1.077281022013715, 2.34807783e-02, 6.76626886e+03, 4.83361145e-01, 7.28590985e-01
0.7885663832808001, 2.40801307e-03, 1.00250679e+05, 9.04353217e-01, 9.16354720e-02
1.9456993024412983, 4.55172351e-03, 4.04141857e+04, 8.17014160e-01, 2.31425556e-01
1.4612449910099017, 3.99218923e-03, 5.28744761e+04, 7.40722188e-01, 4.03453982e-01
1.6985494310144227, 1.87982564e-02, 7.46173718e+03, 5.58147275e-01, 1.11954265e+00
2.951295966494876, 7.64263548e-03, 1.89904236e+04, 6.77039323e-01, 3.97194627e-01
0.06053723757326414, 2.71842330e-03, 6.15230467e+04, 8.11901929e-01, 3.41041028e-01
3.0271034936075885, 2.60533437e-03, 5.63717770e+04, 7.82936613e-01, 4.70369475e-01
1.6443036842122778, 8.80774622e-03, 2.41131704e+04, 5.35900858e-01, 1.83471205e-01
1.1098383209383582, 2.54198853e-03, 4.93887201e+04, 8.06750332e-01, 1.41073885e+00
1.5231090615082064, 9.77473644e-03, 2.57988619e+04, 6.41008753e-01, 9.60145693e-02
1.6941915959683937, 1.50444878e-02, 1.42726597e+04, 5.87283398e-01, 2.17309093e-01
1.1729579043847864, 4.55172351e-03, 4.04141857e+04, 8.17014160e-01, 2.31425556e-01
0.8682512294181268, 1.57717297e-02, 1.33019817e+04, 5.30498328e-01, 3.17596656e-01
0.6184651845382355, 5.03056318e-03, 4.39413379e+04, 7.66050461e-01, 3.22064704e-01
1.2082340186538192, 1.24594627e-02, 1.74706624e+04, 5.34671504e-01, 1.87972411e-01
0.8985219643519382, 5.96049239e-03, 4.07861254e+04, 7.70458927e-01, 2.69604270e-01
0.9311419359660795, 3.59951611e-02, 1.06239995e+04, 5.27817382e-01, 6.72316247e-03
0.9857174906863193, 2.38839314e-03, 5.83409907e+04, 8.91926424e-01, 6.57717674e-01
2.9663620431022855, 4.89431603e-03, 3.86131836e+04, 6.35643389e-01, 1.55435867e-01
3.3485842739343874, 4.82680665e-03, 3.38995600e+04, 6.41610363e-01, 3.02040638e-01
2.078537891452326, 2.02539501e-02, 9.04931957e+03, 4.97407340e-01, 7.82442292e-01
1.4289282444885194, 1.02207661e-02, 2.02396097e+04, 5.47382109e-01, 2.38849043e-01
0.8734791379301745, 6.35623603e-03, 2.04602900e+04, 5.82725305e-01, 7.29912690e-01
0.10482177745268881, 5.67974956e-03, 5.29841933e+04, 8.31704521e-01, 1.66776731e-02
0.31905898851005593, 2.17188792e-03, 8.95336219e+04, 8.65455659e-01, 2.60040774e-01
0.21384612219400523, 6.19063746e-03, 2.86272337e+04, 7.54466055e-01, 2.92677337e-01
0.9552959819217534, 4.23261402e-03, 3.91261544e+04, 7.40836014e-01, 4.76102669e-01
2.703410469273514, 5.39552546e-03, 2.79500322e+04, 5.62225619e-01, 4.86208744e-01
0.5127620507706391, 1.89564332e-03, 1.05667999e+05, 7.89726585e-01, 5.48995816e-01
1.822836920591707, 1.79157575e-02, 8.22577823e+03, 5.08479682e-01, 1.16504799e+00
1.5511234817394968, 8.40014318e-03, 2.86408384e+04, 6.34944575e-01, 2.99010095e-01
1.099797445206813, 1.42256021e-02, 1.31299695e+04, 5.56537279e-01, 2.39362456e-01
1.6916413604564913, 5.58078240e-03, 3.60174878e+04, 6.51474827e-01, 2.20162585e-01
1.2952849469955174, 4.55172351e-03, 4.04141857e+04, 8.17014160e-01, 2.31425556e-01
0.9192899378886181, 7.94973294e-03, 2.68076395e+04, 6.39293454e-01, 1.64797684e-01
0.9958903522068925, 7.04812076e-02, 8.71840633e+03, 5.20207132e-01, 3.98944068e-03
2.4950339202403367, 8.03647054e-03, 1.86810365e+04, 6.08735424e-01, 3.58190086e-01
0.7633474878817849, 4.43103022e-03, 6.76789702e+04, 8.00311748e-01, 5.73598680e-02
1.0137403782463101, 4.11710160e-03, 4.00085717e+04, 7.21507621e-01, 2.26510479e-01
2.481462657089538, 9.03916503e-03, 2.21056169e+04, 6.08924479e-01, 1.76030291e-01
0.522412663489823, 5.49990664e-03, 4.81879430e+04, 7.39586860e-01, 2.62747165e-01
0.8089202072925636, 3.75876073e-03, 5.74274432e+04, 9.78332728e-01, 2.82019740e-01
1.6258954351075992, 9.56063762e-03, 2.21285160e+04, 5.16045488e-01, 1.25961715e-01
2.3584280348322997, 6.13040252e-03, 2.65988826e+04, 7.19681119e-01, 2.77460528e-01
1.286969337390847, 4.55172351e-03, 4.04141857e+04, 8.17014160e-01, 2.31425556e-01
1.0994222051878544, 1.36273260e-02, 1.10919377e+04, 5.61641690e-01, 5.82469843e-01
2.1463724501759027, 2.94512593e-02, 6.16350518e+03, 5.02234674e-01, 1.62588485e-01
5.668098657387569, 3.82897216e-03, 3.63497252e+04, 7.06579760e-01, 2.30636419e-01
1.959200695349915, 4.55172351e-03, 4.04141857e+04, 8.17014160e-01, 2.31425556e-01
0.15209411794248134, 9.47423018e-03, 1.49675375e+04, 4.31859994e-01, 6.09296946e-01
2.055061650602437, 1.26416206e-02, 1.81873582e+04, 6.01282978e-01, 1.33397941e-01
1.1822047040352088, 3.69677040e-03, 5.40005416e+04, 5.83940359e-01, 2.89626523e-01
3.6661505592292327, 6.93214266e-03, 2.33541394e+04, 6.51758073e-01, 3.67192907e-01
3.8894512928687837, 6.32563175e-03, 2.40163750e+04, 6.22592196e-01, 7.91002318e-01
1.6335042138304599, 4.55198813e-03, 4.04138494e+04, 8.17036223e-01, 2.31427057e-01
1.5552421967198606, 6.11737939e-03, 2.84147675e+04, 7.56559301e-01, 1.87467839e-01
1.022693095563808, 2.60146620e-02, 1.72938244e+04, 5.91130836e-01, 3.98702212e-03
1.2904086694222796, 8.24259682e-03, 1.84100581e+04, 6.35996606e-01, 8.02528567e-01
1.8397714126258298, 5.22175383e-03, 2.61539583e+04, 7.55642683e-01, 5.44525512e-01
0.5834733165987924, 3.47031837e-03, 3.27160133e+04, 7.03908554e-01, 9.04790809e-01
1.5230308776138575, 1.18778353e-02, 1.36237074e+04, 5.24517283e-01, 4.40794790e-01
0.905142840334603, 2.52051366e-03, 6.85365699e+04, 8.43269847e-01, 7.45782331e-01
1.9337535464433149, 9.09967603e-03, 1.72179687e+04, 6.07508553e-01, 2.91230355e-01
2.9104719075119636, 1.18142825e-02, 1.05490242e+04, 5.50308495e-01, 6.73393407e-01
1.2677107844180722, 5.65600048e-03, 2.32994210e+04, 6.99812841e-01, 8.73610514e-01
2.1030204027525805, 1.29372299e-02, 1.42242615e+04, 5.11297737e-01, 1.57477240e-01
1.2461629849623064, 6.11007833e-03, 2.56038421e+04, 6.25029275e-01, 5.52378882e-01
0.38570132909441784, 7.37098926e-03, 1.78017165e+04, 6.65825863e-01, 1.21918224e+00
0.7898446255213225, 8.34219083e-03, 3.93709102e+04, 7.05141311e-01, 1.23668378e-02
1.4001002000811644, 4.96205390e-03, 3.85898428e+04, 7.16794174e-01, 2.36314013e-01
4.559649528494348, 8.10456475e-03, 2.66437464e+04, 6.00987913e-01, 1.21618656e-01
1.136380228160683, 2.00062993e-03, 4.93121221e+04, 7.54806125e-01, 2.12957306e+00
0.4446891891208263, 2.64484875e-03, 7.14467788e+04, 8.15353847e-01, 3.49223116e-01
0.31960879580692547, 9.62118563e-03, 1.93294878e+04, 6.75282672e-01, 2.46067823e-01
1.0018183919246362, 1.15980780e-03, 1.10658098e+05, 8.01284188e-01, 9.11429263e-01
0.5895688425555865, 4.55172351e-03, 4.04141857e+04, 8.17014160e-01, 2.31425556e-01
0.7787149437745258, 1.22898217e-02, 1.44551492e+04, 6.30506023e-01, 2.32295369e-01
1.8184093258954324, 2.12910791e-02, 1.12299734e+04, 5.32375572e-01, 3.00762504e-01
2.7000692693173916, 1.75531672e-02, 9.55754405e+03, 4.97613411e-01, 2.57510783e-01
3.02859382583278, 8.56939226e-03, 1.94255351e+04, 5.74680421e-01, 2.55658743e-01
1.0709969687464969, 1.20923720e-02, 1.48538743e+04, 5.82345318e-01, 3.30561352e-01
1.1987721768858288, 7.17844604e-03, 1.93313412e+04, 6.54716703e-01, 1.12447501e+00
0.7316410140585065, 8.99355637e-03, 1.01685305e+04, 5.62717370e-01, 2.49705772e+00
0.5944515783681134, 8.80515394e-03, 1.50539089e+04, 6.13944276e-01, 1.07685396e+00
1.7431277672779508, 1.12168405e-02, 2.29866837e+04, 5.40038219e-01, 1.79083982e-01
1.3306834478479537, 8.85674947e-03, 2.05564481e+04, 5.75404508e-01, 5.05859592e-01
1.7938817429790685, 5.37539743e-03, 2.02202751e+04, 5.78265668e-01, 1.37811884e+00
0.17033409491742293, 4.74371296e-03, 4.42707691e+04, 8.13767276e-01, 1.20309911e-01
4.619053602365884, 4.46203696e-03, 4.23304232e+04, 6.50156419e-01, 2.50383819e-01
0.5228769551894413, 9.13246802e-03, 2.48202866e+04, 6.53858515e-01, 2.44599444e-01
2.2545782720319827, 2.60523610e-02, 1.69268385e+04, 5.87276243e-01, 4.21071952e-03
0.4880618420681147, 5.94712230e-03, 3.16760700e+04, 8.03450241e-01, 1.88374850e-01
0.9654536602546109, 6.47334199e-03, 3.12006877e+04, 6.71868829e-01, 2.32903670e-01
0.832981916647887, 8.29097268e-03, 1.89125972e+04, 6.12682621e-01, 3.11292326e-01
3.857981629531761, 9.14920259e-03, 2.02772013e+04, 5.55025331e-01, 4.93872039e-01
0.7147591881944184, 4.47481815e-03, 2.46242218e+04, 6.21937070e-01, 1.26108363e+00
1.7063819596676946, 6.27187014e-03, 3.12316779e+04, 6.80595463e-01, 2.41227132e-01
2.6250516685184286, 2.09035210e-02, 8.63583655e+03, 5.03565057e-01, 3.03104502e-01
2.4886550291283065, 6.82143507e-03, 1.50868340e+04, 6.24993725e-01, 3.07135817e+00
0.1363935040482599, 4.18597128e-03, 4.30935576e+04, 6.82100424e-01, 2.18659805e-01
1.3715566913304449, 2.69728382e-03, 2.75855254e+04, 7.54686484e-01, 6.44814342e+00
1.3656168495171563, 4.21044999e-03, 5.39049726e+04, 8.36742790e-01, 2.64109214e-01
0.8605862333540416, 1.24634426e-02, 1.51807758e+04, 6.32333290e-01, 2.81256917e-01
3.281314625860803, 4.28919783e-03, 4.31824691e+04, 6.21435783e-01, 2.08984963e-01
2.5685151527410564, 1.91854034e-02, 8.96709460e+03, 5.10289378e-01, 3.26493756e-01
4.880893120544214, 6.39738590e-03, 2.49229074e+04, 5.65113975e-01, 9.13084402e-01
1.0271603959066236, 4.90074927e-03, 3.98976868e+04, 6.69483431e-01, 2.59143321e-01
2.1729727321727346, 6.60951534e-03, 2.39109645e+04, 5.78400671e-01, 3.05942742e-01
0.7859744097927966, 1.64141816e-02, 2.09331107e+04, 6.21925575e-01, 1.02971438e-02
0.8138839304947896, 2.25096137e-03, 4.08610260e+04, 8.13164432e-01, 2.64501178e+00
0.9744604307431746, 6.22045490e-03, 3.05749334e+04, 6.39145531e-01, 1.58343990e-01
0.9887176024322276, 2.19867804e-03, 5.81552408e+04, 7.54492604e-01, 7.58624526e-01
4.3422214552467615, 2.05596462e-02, 2.58349887e+04, 6.09081671e-01, 2.19035041e-03
1.7447557687386683, 6.17139354e-03, 3.77809975e+04, 6.18170457e-01, 2.93081089e-01
0.9991336951644988, 3.67128164e-03, 5.17948923e+04, 7.74417717e-01, 2.71263887e-01
1.988350841862712, 4.97600251e-03, 4.76109938e+04, 7.60878958e-01, 2.58812053e-01
0.8553557764814971, 4.96049847e-03, 1.80292017e+04, 6.15447813e-01, 4.27505823e+00
0.18133622152658777, 1.27403223e-02, 2.17390516e+04, 6.04785697e-01, 1.82223987e-01
3.781960546311456, 1.50407198e-02, 1.35353036e+04, 5.95171717e-01, 1.51106646e-01
1.443695047189101, 4.55172351e-03, 4.04141857e+04, 8.17014160e-01, 2.31425556e-01
1.3627442538542383, 5.30246242e-03, 3.42243512e+04, 7.41550472e-01, 3.03846999e-01
1.3170606276957357, 1.01084719e-02, 2.10224401e+04, 5.70561714e-01, 2.74468120e-01
2.714246219407711, 1.05309799e-02, 1.88156745e+04, 5.92385042e-01, 4.35432439e-01
1.012589537611019, 1.57096192e-02, 1.96569595e+04, 6.43021172e-01, 1.46232969e-02
0.9189617182170061, 5.92420421e-03, 3.52808592e+04, 6.04654499e-01, 1.47447486e-01
1.0659571714338887, 5.72503200e-03, 2.08244971e+04, 6.05480970e-01, 1.35097420e+00
0.46910301780381886, 9.21225837e-03, 2.18889308e+04, 6.70151076e-01, 6.36895192e-01
3.5017360304228493, 7.26716612e-03, 2.80613595e+04, 6.49407337e-01, 2.03213932e-01
0.2401337130744628, 2.74447843e-03, 4.91358561e+04, 5.83633392e-01, 1.06245642e+00
0.06902722424939732, 3.22646623e-03, 3.98071381e+04, 8.02197961e-01, 9.29361669e-01
0.4976409163115503, 3.50604860e-03, 2.97591688e+04, 7.49548947e-01, 4.38524170e+00
0.8605226031927524, 1.01303990e-02, 2.11201038e+04, 6.31962548e-01, 1.86781707e-01
2.3273517949294935, 1.80683981e-02, 8.21082522e+03, 4.80429219e-01, 4.11042539e-01
2.1650952067521767, 5.97310446e-03, 3.15849660e+04, 6.93457754e-01, 4.52653953e-01
0.9437357715352228, 9.22022708e-03, 2.22263278e+04, 6.75979092e-01, 1.55082568e-01
3.2857710578422243, 6.23158894e-03, 3.10719126e+04, 6.56864373e-01, 1.27630871e-01
5.277888683603691, 5.00412516e-03, 5.05957661e+04, 5.65887451e-01, 2.50645350e-01
0.7493772868408948, 1.09075255e-02, 1.69064509e+04, 5.43432891e-01, 2.39067175e-01
0.564114921917234, 4.33503330e-03, 3.15380046e+04, 7.18795656e-01, 7.75416551e-01
0.7226980120539349, 3.10720838e-03, 5.27095275e+04, 7.10653349e-01, 2.94046629e-01
1.4841404739156188, 1.44176567e-02, 3.37043813e+04, 6.43382461e-01, 2.85484392e-03
0.888081802724085, 3.96083510e-03, 4.37375430e+04, 8.16542043e-01, 2.93621897e-01
1.155927038970714, 4.18942286e-03, 3.36044841e+04, 7.00019176e-01, 5.83168490e-01
2.789684398723492, 1.16304203e-02, 1.61775192e+04, 5.63344910e-01, 2.02160519e-01
1.8366932266251061, 3.49615342e-03, 6.76341659e+04, 7.63019656e-01, 2.39630445e-01
0.36459001647533346, 1.51388500e-03, 1.23890698e+05, 8.99731984e-01, 2.46935612e-01
1.2326318859191596, 1.51781138e-03, 6.47217102e+04, 9.58247158e-01, 1.45116425e+00
0.8823351361469053, 1.19257552e-02, 1.08310979e+04, 6.05154795e-01, 1.68038433e+00
0.7220561810866571, 2.12015221e-03, 6.70560783e+04, 9.10659545e-01, 1.30600818e+00
1.3341074503581623, 8.22988173e-03, 1.92142988e+04, 5.81642904e-01, 4.63736967e-01
3.0571976217951504, 6.70774934e-03, 2.31630846e+04, 5.71210851e-01, 9.47740362e-01
0.40443163519880343, 1.24143404e-02, 1.62267106e+04, 6.03108680e-01, 2.28210222e-01
4.213079890923421, 8.70752823e-03, 2.37631644e+04, 6.03852477e-01, 3.51392600e-01
0.5165988368789649, 4.31047475e-03, 3.40915183e+04, 7.17441613e-01, 4.95815596e-01
1.7931613462935152, 4.13479667e-02, 1.18066905e+04, 5.19857471e-01, 3.03282169e-03
1.283234896905474, 8.99730242e-03, 1.42524841e+04, 5.12964794e-01, 7.46753607e-01
1.0683794993134792, 1.03474864e-02, 1.55511937e+04, 6.84202730e-01, 7.47078178e-01
1.5807517378882103, 1.54385669e-02, 1.09505948e+04, 4.96542453e-01, 8.27257059e-01
1.5913602004396983, 7.08550129e-03, 4.01600292e+04, 7.19105561e-01, 1.98915778e-02
2.6066799187397742, 7.54453525e-03, 1.97542393e+04, 5.84997288e-01, 6.88495925e-01
2.5160292536757, 9.14459447e-03, 3.54476754e+04, 6.44323628e-01, 1.25258421e-02
1.5932017040536268, 5.14653521e-03, 2.93991668e+04, 5.92194833e-01, 5.45097548e-01
2.572070141910559, 1.22988170e-02, 2.56722703e+04, 6.22687562e-01, 1.31910638e-02
2.0218972089518448, 2.56694086e-02, 6.95955773e+03, 5.06065637e-01, 3.05481996e-01
3.2530356777065976, 1.57396962e-02, 1.04991795e+04, 5.68327828e-01, 2.59891211e-01
0.9710635838986839, 4.59151014e-03, 3.82014542e+04, 7.70156149e-01, 3.24501052e-01
1.7441389590209022, 5.44526390e-03, 4.57093972e+04, 6.05984798e-01, 2.61655246e-01
0.5338604119839491, 6.70673908e-03, 1.83878859e+04, 6.52304313e-01, 7.37806174e-01
1.8124836361706667, 1.04793231e-02, 1.52502913e+04, 5.39915918e-01, 4.61313354e-01
0.8575743544366852, 1.69742908e-02, 1.82052999e+04, 6.50633380e-01, 1.43601107e-02
1.111168252552414, 5.80876460e-03, 3.26227189e+04, 6.80107045e-01, 2.12941257e-01
1.237512730455178, 4.29187824e-03, 4.77130430e+04, 6.63029785e-01, 3.36618563e-01
1.1482714063011887, 3.61806261e-03, 2.59074924e+04, 7.07883314e-01, 2.91754221e+00
1.4026524752201046, 3.11628680e-03, 3.66886149e+04, 7.89078270e-01, 8.48153263e-01
4.570104877024952, 9.63894506e-03, 2.30093392e+04, 6.40630711e-01, 1.82015523e-01
1.2293244615655932, 3.94864707e-03, 4.25118720e+04, 6.55649446e-01, 2.48009119e-01
1.469627197035351, 9.47085413e-03, 2.21904468e+04, 5.67553609e-01, 4.13132803e-01
1.2100674168161052, 2.61680633e-02, 6.91575118e+03, 5.89346135e-01, 1.65556265e-01
3.6452392892391705, 4.82980146e-03, 4.55085691e+04, 6.67709939e-01, 2.41621178e-01
0.6926057279762807, 6.64676515e-03, 2.53895153e+04, 6.51356724e-01, 1.23602048e+00
1.1523039680153226, 3.80435786e-03, 4.54430811e+04, 7.55531789e-01, 2.08241743e-01
0.1584156913003965, 2.16849593e-02, 1.28753721e+04, 5.75526717e-01, 3.18162549e-01
0.380204184263463, 7.46356626e-03, 2.84744280e+04, 6.52528991e-01, 1.89794258e-01
1.915970907724291, 4.57653147e-03, 3.95777967e+04, 7.66090028e-01, 2.37064467e-01
0.9535014191662751, 1.53783945e-03, 1.24028539e+05, 9.54661179e-01, 6.01757413e-01
0.23629555624241777, 3.03594959e-03, 6.01323912e+04, 7.87105210e-01, 4.32326029e-01
1.9171164931275086, 1.17134309e-02, 1.60156155e+04, 5.75122539e-01, 3.09274979e-01
2.9308616040803455, 4.45149319e-03, 4.25715587e+04, 6.37208565e-01, 2.40998999e-01
1.1990437142924801, 4.65832460e-02, 1.32229084e+04, 5.26345598e-01, 8.16208928e-04
0.5293566997718591, 5.98183582e-03, 2.96137961e+04, 6.75127253e-01, 3.11128032e-01
1.7447776214507023, 4.55172351e-03, 4.04141857e+04, 8.17014160e-01, 2.31425556e-01
0.9646659526283969, 2.94206363e-03, 6.02754428e+04, 6.11717718e-01, 4.40743767e-01
0.5579501335701351, 1.83385509e-03, 9.95022057e+04, 8.39216390e-01, 2.21451274e-01
3.22990437728814, 8.75749428e-03, 2.28883547e+04, 5.91487100e-01, 1.88101738e-01
1.6427029686075294, 9.17103027e-03, 1.95260541e+04, 5.53788066e-01, 7.05110447e-01
0.7042631907773712, 1.32660558e-02, 9.13451495e+03, 5.10599876e-01, 1.25120321e+00
1.3418245037442231, 1.58412140e-02, 1.52350758e+04, 5.62971546e-01, 1.68293646e-01
0.6733070838270823, 3.18396293e-03, 4.69940538e+04, 7.32141727e-01, 8.63286395e-01
0.5276305413162548, 5.91409576e-03, 4.18246124e+04, 6.83041483e-01, 3.06602751e-01
1.3723739314533558, 7.23355536e-03, 2.20638435e+04, 7.03499474e-01, 3.69089758e-01
2.1822477950002837, 6.40505677e-03, 2.94356592e+04, 5.97380273e-01, 4.00079339e-01
1.8074295225949948, 6.09578088e-03, 3.23543719e+04, 6.12948867e-01, 2.14198417e-01
0.6273673894355518, 1.29483660e-02, 1.11178663e+04, 5.95205305e-01, 5.08468265e-01
2.0903898397741365, 9.13381013e-03, 2.27029749e+04, 5.60468071e-01, 4.37021945e-01
1.39114571933309, 9.58466455e-03, 2.31732078e+04, 5.92445243e-01, 8.88420234e-02
2.859166844681366, 6.69442808e-03, 1.94776346e+04, 5.36360685e-01, 2.39604474e+00
2.700228742069716, 1.10824938e-02, 1.44878354e+04, 5.26007277e-01, 8.02118190e-01
1.7930868095651968, 1.21399790e-02, 2.95163456e+04, 7.20546226e-01, 5.83617104e-03
2.166628797444276, 6.56813768e-03, 2.74759009e+04, 6.24364022e-01, 2.59148280e-01
2.4567136672951153, 1.53558579e-02, 1.10328317e+04, 5.11326907e-01, 4.92107553e-01
2.040256983414723, 1.10786331e-02, 1.90536580e+04, 6.41012377e-01, 2.74197896e-01
1.7398848282731356, 4.00432951e-03, 2.52636351e+04, 7.53841618e-01, 1.47090470e+00
1.2855840720620137, 4.55172351e-03, 4.04141857e+04, 8.17014160e-01, 2.31425556e-01
1.6829527388466132, 4.61237024e-03, 4.56418330e+04, 6.69696106e-01, 2.32424436e-01
4.292940567811238, 5.27843155e-03, 4.38256943e+04, 6.51252190e-01, 2.57942096e-01
3.4908413109831984, 3.46970898e-03, 3.77964658e+04, 6.11521033e-01, 7.14900816e-01
2.7458302027658683, 1.04639721e-02, 1.46718454e+04, 5.97370681e-01, 3.85791998e-01
2.8808596852302673, 9.50156101e-03, 3.64432429e+04, 6.07048288e-01, 6.23668595e-03
2.7865937501364764, 4.37470024e-03, 4.47267440e+04, 6.25990016e-01, 2.30478005e-01
0.4686030076424183, 1.08454608e-02, 2.27850619e+04, 6.87973604e-01, 4.09629416e-01
1.0379730127566638, 5.52882252e-03, 4.84455310e+04, 7.67403535e-01, 2.63929541e-01
0.5075390791146893, 9.16433256e-03, 2.00118712e+04, 6.43196515e-01, 3.25506961e-01
2.9665938343909515, 5.95352321e-03, 2.93183409e+04, 7.21969430e-01, 8.11148251e-01
2.7395930733712497, 4.62365747e-03, 3.90316599e+04, 6.28385389e-01, 2.91507417e-01
0.27118094410603033, 3.98055270e-03, 2.91409847e+04, 6.31791739e-01, 7.12678956e-01
1.9203738063907914, 1.54623074e-02, 1.20870109e+04, 4.71913564e-01, 2.32766747e-01
1.288774116984296, 6.46414676e-03, 1.70439165e+04, 6.12255211e-01, 1.73498844e+00
1.8669980658029057, 3.17888259e-03, 3.95354170e+04, 6.61548621e-01, 1.14971269e+00
0.5113786640614907, 1.79489588e-02, 1.63668983e+04, 6.71779214e-01, 2.67874165e-01
1.6042441068362168, 5.44446106e-02, 6.83622962e+03, 4.39790522e-01, 7.19074143e-03
2.3668256980260916, 5.53152060e-03, 3.93506644e+04, 6.24400374e-01, 2.51402506e-01
1.2097890124652322, 1.09851340e-02, 2.01360528e+04, 6.51806355e-01, 1.54747980e-01
0.6282098075026632, 9.65206505e-03, 1.96073655e+04, 5.70088266e-01, 2.29986030e-01
2.3001287353072866, 2.02205768e-02, 1.30012510e+04, 5.00033648e-01, 2.99817170e-01
1.452243442369236, 1.94975460e-03, 1.03413169e+05, 1.01586615e+00, 1.55447575e-01
2.1045107399654723, 1.16376960e-02, 1.86735372e+04, 6.84732397e-01, 3.04801593e-01
2.9402590223123877, 1.40234847e-02, 1.38339074e+04, 5.31056238e-01, 2.32861233e-01
1.161060234201809, 7.02385276e-03, 2.17921773e+04, 5.66202680e-01, 1.05237864e+00
1.6306221841942443, 2.28396726e-02, 1.80345824e+04, 5.23213211e-01, 5.58815376e-03
2.153915497801974, 1.38379316e-02, 1.04529905e+04, 4.95242088e-01, 6.08160690e-01
4.144222471996913, 6.16955769e-03, 2.63660088e+04, 6.35178273e-01, 4.34085777e-01
1.5243158462041984, 1.38765951e-02, 1.78506928e+04, 5.21398593e-01, 3.35453603e-01
2.363345474530716, 3.77432209e-02, 8.22472294e+03, 4.78289745e-01, 2.43406383e-01
1.808516847978943, 3.67711629e-03, 4.43111400e+04, 6.53672472e-01, 3.16940576e-01
1.7589588694241822, 1.27633511e-02, 9.13407057e+03, 5.23183470e-01, 1.31664277e+00
0.8007014357342266, 4.72041799e-03, 3.34262730e+04, 6.89485159e-01, 3.93923198e-01
3.2868333832659413, 1.06246116e-02, 1.91670923e+04, 6.26198649e-01, 1.50192957e-01
3.143307813818854, 6.87335693e-03, 2.28677182e+04, 6.05166685e-01, 4.12306625e-01
3.1874005931001945, 1.32993816e-02, 1.37196281e+04, 5.84684607e-01, 3.04537920e-01
1.200575455097595, 6.10243367e-03, 1.83438564e+04, 6.77162789e-01, 9.74595070e-01
0.30726640881765754, 8.14669259e-03, 2.06186830e+04, 7.28476543e-01, 3.01614892e-01
2.9207701909559454, 1.39338347e-02, 1.14365502e+04, 6.03631385e-01, 2.60456387e-01
3.2256363611970427, 8.08786077e-03, 2.10203084e+04, 6.74083394e-01, 2.81722846e-01
2.044565591524369, 4.82934587e-03, 3.42902766e+04, 5.84299837e-01, 5.91797803e-01
1.3923454546250755, 1.11494892e-02, 1.82871245e+04, 5.84369955e-01, 1.58545954e-01
1.831060060187503, 1.11728208e-02, 1.86737636e+04, 5.28382673e-01, 2.32849424e-01
1.3531840266408701, 9.65811255e-03, 1.52908817e+04, 6.58271987e-01, 4.34657556e-01
2.2682536588558655, 1.20966237e-02, 1.22101410e+04, 5.25489746e-01, 3.92401417e-01
2.30237125376905, 4.53749328e-03, 3.43589855e+04, 6.10120002e-01, 7.55945564e-01
1.4465663128540662, 4.55180270e-03, 2.13230591e+04, 7.44851978e-01, 3.16703057e+00
1.0302641586149464, 4.70154733e-03, 3.99040534e+04, 6.74348388e-01, 2.43979358e-01
1.4678303161902346, 2.94756003e-02, 8.35362009e+03, 4.66612115e-01, 6.46453729e-02
0.3639353673534583, 1.21388389e-02, 1.08030963e+04, 5.64530062e-01, 4.50325281e-01
1.0513106175121278, 8.36540484e-03, 2.77246815e+04, 6.81781986e-01, 2.82162802e-01
2.89395530927251, 4.96310042e-03, 4.26755030e+04, 7.14886896e-01, 2.39471334e-01
1.6079286791193514, 4.74721216e-03, 5.05614031e+04, 7.43209883e-01, 1.32518572e-01
2.034567331569307, 3.37153762e-03, 4.90293158e+04, 7.88847142e-01, 4.22385238e-01
2.1268764330801435, 9.53345482e-03, 2.90041316e+04, 5.95450626e-01, 5.27523900e-02
1.6206074348179678, 2.16940334e-02, 7.33617055e+03, 4.70982905e-01, 3.09936419e-01
1.8448480279974042, 8.31662542e-03, 2.88769601e+04, 7.11833171e-01, 2.12031908e-01
1.3168887867405104, 5.21440204e-03, 2.14974131e+04, 6.20100619e-01, 1.05903857e+00
0.3476388946077968, 2.21619096e-03, 5.87880056e+04, 8.07072314e-01, 8.67925726e-01
2.1350653729764533, 2.28974504e-02, 9.19513263e+03, 5.05460312e-01, 1.47439155e-01
1.9263287421065654, 2.10569863e-02, 1.01076374e+04, 5.19039706e-01, 2.28605940e-01
0.8463493534317797, 1.55045308e-02, 1.11401478e+04, 5.16663862e-01, 4.49550488e-01
2.9626301181518007, 4.69115675e-03, 4.95841842e+04, 6.58593488e-01, 2.25820740e-01
0.941332041739444, 1.60452345e-02, 1.14733183e+04, 5.49354977e-01, 2.46813961e-01
0.9527529611758644, 5.05993106e-03, 1.91910155e+04, 6.86892407e-01, 2.52389131e+00
2.666934948153786, 1.19917599e-02, 1.02649779e+04, 5.51583414e-01, 6.47900715e-01
2.88811061457893, 6.31879224e-03, 2.13287868e+04, 5.72967030e-01, 9.31120593e-01
1.182058752864905, 5.83112044e-03, 3.30188843e+04, 7.34990837e-01, 3.11137362e-01
2.0357986127251397, 7.07358525e-03, 1.44708972e+04, 5.57105953e-01, 3.89352689e+00
0.47851706359309176, 2.84096558e-03, 4.83397024e+04, 7.03279827e-01, 2.00400939e+00
1.258042041045388, 2.59354643e-03, 6.60135363e+04, 6.36439279e-01, 1.20716630e+00
0.4982653427450795, 2.35267924e-03, 8.61697887e+04, 9.13092761e-01, 9.30673293e-01
1.1312263489965648, 3.78620812e-03, 3.58504954e+04, 7.52783366e-01, 7.95729021e-01
1.5339690301299342, 3.32398204e-02, 6.07635490e+03, 4.42262148e-01, 1.48936912e-01
1.1662026660161406, 1.66108108e-02, 1.40391374e+04, 5.43096767e-01, 2.34808482e-01
1.0990030324783697, 4.34257862e-03, 2.89627669e+04, 5.91523632e-01, 9.03077082e-01
1.064889034658847, 6.55672146e-03, 2.86197562e+04, 7.23211347e-01, 1.48114027e-01
0.9451783038905692, 9.68020570e-03, 1.32082460e+04, 5.33069371e-01, 1.04489757e+00
1.7922455030634765, 8.91689468e-03, 1.44639094e+04, 5.15297241e-01, 7.41914727e-01
1.3833461960343725, 3.13894670e-03, 4.83357234e+04, 9.65340512e-01, 8.49893661e-01
1.6664647645243629, 7.07177840e-03, 3.04224448e+04, 6.13618088e-01, 3.09713300e-01
2.8672671790651547, 1.16293217e-02, 1.99893025e+04, 5.58695181e-01, 1.01591603e-01
1.546010024194914, 4.78415216e-03, 4.20636359e+04, 7.51789390e-01, 2.40777324e-01
2.7480418364732317, 3.31173892e-03, 4.52619939e+04, 6.24968044e-01, 7.85508197e-01
3.1707083435881644, 2.02916690e-02, 8.25479520e+03, 4.98132121e-01, 5.71076317e-01
4.0194166656898265, 6.96463693e-03, 2.34647389e+04, 6.23820023e-01, 2.45632878e-01
0.04770639263823268, 4.04430653e-03, 4.52469531e+04, 7.97304379e-01, 1.97465168e-01
1.8970888331947353, 4.10987045e-03, 4.61646319e+04, 6.15838593e-01, 2.20388903e-01
1.3973467708399472, 9.82725290e-03, 1.63081663e+04, 5.80109910e-01, 3.11123702e-01
0.17491179082628266, 1.28668595e-03, 1.37062351e+05, 8.40856293e-01, 2.84863103e-01
1.5595425734767436, 1.16003950e-02, 1.55376520e+04, 5.12415279e-01, 2.16316614e-01
1.9247752512227971, 9.05048511e-03, 2.23980536e+04, 6.39873588e-01, 1.78978650e-01
2.996412582142857, 7.91536362e-03, 1.46942436e+04, 5.23803764e-01, 1.86971073e+00
3.3437087940074726, 3.01790778e-03, 4.70684821e+04, 6.43684491e-01, 2.07991127e+00
1.5706275529420364, 6.99842852e-03, 2.91585455e+04, 7.48836912e-01, 9.89476032e-02
2.106736548543612, 1.13594083e-02, 1.31168967e+04, 5.26311166e-01, 5.03166062e-01
1.2163499461840621, 4.21571315e-03, 3.87987357e+04, 7.04816912e-01, 4.47401508e-01
1.8498552506399268, 5.30783748e-03, 2.68782203e+04, 5.09444785e-01, 4.51328197e-01
0.5221061774857666, 1.77452092e-02, 2.97472176e+04, 6.84682384e-01, 1.46774251e-03
2.7615820230608237, 1.38304149e-02, 1.32794139e+04, 5.94286694e-01, 2.50756179e-01
1.7996974515071402, 3.90182389e-03, 4.32964757e+04, 6.06681608e-01, 4.32951936e-01
0.7211735545117881, 1.16239285e-02, 1.55576247e+04, 6.33085348e-01, 2.48523085e-01
0.4382704507697389, 1.34069714e-02, 1.57077269e+04, 6.49079731e-01, 3.24410502e-01
1.129066714097895, 1.04160425e-02, 1.78818142e+04, 5.36168599e-01, 5.24646610e-01
2.282111029957407, 8.78474121e-03, 1.84356646e+04, 6.22579094e-01, 3.16945352e-01
5.118486499758023, 7.13565328e-03, 1.84750879e+04, 5.57920421e-01, 7.98312776e-01
2.5177956426060364, 5.73918470e-03, 5.23037264e+04, 5.35997097e-01, 2.79170693e-01
0.6292980595855602, 1.23757429e-02, 3.23769344e+04, 7.16613018e-01, 6.33543996e-03
1.4873717377909323, 6.44239487e-03, 2.55955941e+04, 6.34721458e-01, 4.22886188e-01
0.7780508436655938, 4.55172351e-03, 4.04141857e+04, 8.17014160e-01, 2.31425556e-01
0.11334168404132186, 1.17440948e-03, 6.05752037e+04, 9.13573764e-01, 7.16568206e+00
3.6321314201701758, 1.44436145e-02, 1.04795317e+04, 5.18208587e-01, 4.56580057e-01
2.8239635175551583, 5.49634756e-03, 3.90801501e+04, 6.49569096e-01, 2.43189226e-01
1.8355929787491925, 4.61894398e-03, 3.70246619e+04, 6.94147793e-01, 2.08182896e-01
1.1956341659057315, 1.27875611e-02, 1.20802170e+04, 6.14394724e-01, 5.92001047e-01
2.1036496111196343, 2.28830842e-02, 1.15236194e+04, 5.48008286e-01, 3.62054403e-01
2.096442963540835, 4.80493202e-03, 4.37583906e+04, 7.28876291e-01, 2.53499103e-01
1.0795886980094807, 4.50781429e-03, 3.54901293e+04, 7.25340736e-01, 9.27173139e-01
1.6747170517680834, 4.82626361e-03, 4.87087605e+04, 6.84335670e-01, 1.30735427e-01
0.9651759914963048, 3.18657975e-02, 7.71030004e+03, 4.83454184e-01, 2.41093132e-01
0.519935064846992, 3.22195909e-03, 6.13382424e+04, 7.76339928e-01, 7.82204995e-01
1.3528998645103545, 1.91205854e-02, 1.19221485e+04, 6.50385923e-01, 8.79856728e-02
2.5423969655477943, 9.28263286e-03, 1.48470093e+04, 5.96653349e-01, 8.30072478e-01
0.8226366288417849, 1.15699928e-02, 1.04671453e+04, 5.17446729e-01, 7.40631321e-01
2.8821736970609253, 3.00178207e-03, 4.44464205e+04, 7.02206993e-01, 2.06219451e+00
2.4516063859637693, 7.28197349e-03, 2.50022983e+04, 5.70981306e-01, 2.47426925e-01
3.034133110229793, 7.42891756e-03, 2.04274970e+04, 6.53535606e-01, 5.69229248e-01
1.4852833079067558, 4.88850525e-03, 3.23608657e+04, 6.51254616e-01, 6.40130570e-01
0.3912674257439868, 5.47241264e-03, 3.06352880e+04, 8.05361452e-01, 7.15559306e-01
2.49375619074465, 7.55212888e-03, 1.78715282e+04, 5.65645828e-01, 9.07712108e-01
1.4938890147994799, 4.55172351e-03, 4.04141857e+04, 8.17014160e-01, 2.31425556e-01
1.4180130498393195, 6.08818464e-03, 3.03469698e+04, 7.06865625e-01, 2.24300123e-01
0.9363408711543315, 4.55172351e-03, 4.04141857e+04, 8.17014160e-01, 2.31425556e-01
1.9164274480107557, 4.82260497e-03, 2.86097615e+04, 6.57891186e-01, 5.18507302e-01
0.48481305165050226, 1.28086321e-03, 8.36774467e+04, 9.28098295e-01, 2.06305926e+00
1.6525239017095288, 7.89778331e-03, 2.73743247e+04, 6.83334018e-01, 3.79074491e-01
1.1146453810519914, 5.08381590e-03, 3.26015001e+04, 8.70011960e-01, 2.97606956e-01
0.48381280879510696, 5.20943072e-03, 2.72824549e+04, 7.10721219e-01, 7.19122024e-01
0.6573422047752693, 3.74040320e-03, 5.45484548e+04, 7.39697735e-01, 1.52939338e-01
1.0365766587897423, 6.02140207e-03, 3.32394905e+04, 9.12848292e-01, 1.28400756e-01
1.795352070246985, 5.40577026e-03, 3.95554428e+04, 6.11347310e-01, 2.61475569e-01
3.4006273418806203, 7.06836033e-03, 2.04411452e+04, 6.32563236e-01, 4.01657400e-01
1.0661630889389848, 1.89431670e-03, 5.68696634e+04, 1.01558470e+00, 1.38924659e+00
0.868408142384654, 9.24201254e-03, 1.74300394e+04, 5.67778484e-01, 4.52375200e-01
2.2835142444046244, 4.70451176e-03, 4.52097876e+04, 6.86410799e-01, 2.21450479e-01
1.568110502719889, 8.19101374e-03, 1.93913984e+04, 5.12912434e-01, 3.00088869e-01
0.2914745234329326, 1.73314972e-03, 1.07100376e+05, 8.57786315e-01, 1.01078978e+00
1.056976510926739, 4.15265667e-03, 4.76659897e+04, 6.67490748e-01, 4.67098511e-01
2.116249576743261, 5.15858825e-03, 4.50280445e+04, 7.03633744e-01, 2.48790005e-01
2.00828405031648, 5.48296842e-03, 3.87482860e+04, 7.12551968e-01, 2.38909133e-01
1.4873395049451776, 4.27936500e-03, 4.68351446e+04, 7.52843501e-01, 1.66139099e-01
0.9378189469866582, 5.56490880e-03, 3.30920965e+04, 6.81649329e-01, 2.37920523e-01
0.9405035847800237, 5.88625598e-03, 3.30971034e+04, 6.85756712e-01, 1.55264982e-01
3.2352054085082207, 4.83781122e-03, 1.97185586e+04, 5.89273429e-01, 1.66310902e+00
0.7243455788154487, 1.28869007e-03, 1.74977200e+05, 1.06209164e+00, 6.01238906e-01
2.184977558569801, 9.08034162e-03, 2.64382871e+04, 7.45974687e-01, 1.29376894e-01
0.6492199950744956, 3.33229096e-03, 5.30852670e+04, 8.26910451e-01, 7.57781555e-01
1.1413752794018406, 3.57018863e-03, 4.95545001e+04, 6.89349673e-01, 2.56385085e-01
1.4656230978658757, 4.34682078e-03, 3.26070931e+04, 6.31947946e-01, 8.16801784e-01
1.8288111171075545, 4.03685472e-03, 4.58300561e+04, 6.65206266e-01, 2.31738083e-01
0.145350416770786, 3.77836917e-03, 4.33460671e+04, 7.43040705e-01, 3.54596668e-01
0.8971455770410212, 4.55172351e-03, 4.04141857e+04, 8.17014160e-01, 2.31425556e-01
0.5041276062094328, 1.43034473e-02, 1.86704602e+04, 6.58764058e-01, 1.41496862e-01
0.2065607711768561, 3.42499509e-03, 5.23288423e+04, 7.55637076e-01, 2.54105048e-01
2.5794075428853858, 1.02287699e-02, 1.53415849e+04, 5.19134912e-01, 4.99731635e-01
2.099040129553427, 1.69369598e-02, 1.20930159e+04, 4.95504987e-01, 3.12622940e-01
2.0882338154405597, 1.29206986e-02, 1.43035330e+04, 5.23082230e-01, 2.08413759e-01
0.3806467559436358, 1.46325072e-03, 1.10295484e+05, 9.16947421e-01, 6.86954852e-01
0.3682067725498765, 1.98165631e-03, 1.02635304e+05, 8.97757911e-01, 2.35045506e-01
0.5020138534345596, 1.40199878e-02, 1.74638107e+04, 4.88203718e-01, 1.86450463e-01
0.9273240830044827, 1.65379158e-02, 1.09740317e+04, 5.14491341e-01, 9.93327822e-01
1.2914888652984198, 5.04692866e-03, 2.93330197e+04, 7.28694194e-01, 5.22540861e-01
1.5937253050476485, 9.80305667e-03, 1.99052122e+04, 5.23415681e-01, 3.08686034e-01
3.6193123525313533, 7.59575107e-03, 1.88650288e+04, 5.64886719e-01, 9.00551275e-01
0.8276769817187536, 3.75207277e-03, 4.74058166e+04, 7.46806814e-01, 1.80323297e-01
1.0102287303434285, 3.26945293e-03, 5.00818274e+04, 7.25905750e-01, 9.82196807e-01
1.3693198015015569, 1.47045426e-02, 1.22991975e+04, 5.77211617e-01, 1.16188569e+00
1.1430662545568102, 4.38771578e-03, 2.98561998e+04, 7.51027633e-01, 5.94619492e-01
1.9826204625772248, 6.76886808e-03, 4.00520671e+04, 5.84870045e-01, 2.80693150e-01
1.3724891754866575, 4.55172351e-03, 4.04141857e+04, 8.17014160e-01, 2.31425556e-01
0.5392237150608454, 5.28857190e-03, 2.44836670e+04, 6.53047518e-01, 8.21332684e-01
2.905370545508804, 4.59426892e-03, 3.55946200e+04, 7.22815593e-01, 4.83444220e-01
0.23714917850922101, 5.97451865e-03, 5.57176480e+04, 7.22361837e-01, 1.15346481e-02
1.8875803146370889, 1.15084340e-02, 1.71430352e+04, 5.56844412e-01, 1.99092925e-01
1.6575825253902428, 7.28869685e-03, 2.56446781e+04, 7.03330498e-01, 2.37545388e-01
1.6065021635276404, 3.20248373e-03, 4.10363436e+04, 7.72609003e-01, 1.27942742e+00
1.1535567050704054, 6.35348339e-03, 2.14016838e+04, 7.16515305e-01, 5.57917487e-01
2.9401512463108586, 2.59461531e-02, 2.05056939e+04, 5.27207362e-01, 7.23088436e-03
1.7480811934491627, 6.02796537e-03, 3.44354331e+04, 6.26147010e-01, 1.50088574e-01
1.706073428650693, 8.21259471e-03, 1.72808138e+04, 5.22182064e-01, 1.06872701e+00
2.885088205252942, 1.16970317e-02, 1.51754462e+04, 5.60874481e-01, 2.02050267e-01
1.1985291387044437, 8.58208031e-03, 3.63123755e+04, 7.31303467e-01, 1.41477799e-02
1.2367403935896335, 9.05180459e-03, 1.89381675e+04, 5.55734072e-01, 3.22910660e-01
1.060299990286699, 4.55172351e-03, 4.04141857e+04, 8.17014160e-01, 2.31425556e-01
2.318535126211289, 1.28099261e-02, 2.98058016e+04, 6.09752419e-01, 7.13550471e-03
1.8053150601873194, 9.54118904e-03, 2.63326849e+04, 5.84617106e-01, 1.72183871e-01
0.9628230572793993, 5.42222303e-03, 3.81149890e+04, 5.72716285e-01, 3.04444993e-01
0.9220060607544507, 3.16157003e-03, 5.33822913e+04, 8.01104820e-01, 4.37018329e-01
1.5791882460270976, 3.25489738e-03, 4.27129066e+04, 7.50713872e-01, 5.61764666e-01
2.8781050335707095, 5.57119839e-03, 2.79553785e+04, 6.47120886e-01, 3.13661451e-01
0.9812914685321501, 1.21878388e-02, 1.27472642e+04, 5.29997705e-01, 7.38001144e-01
2.9861488603890556, 4.29766176e-03, 1.64105314e+04, 6.40126205e-01, 7.49842752e+00
0.19930544546517479, 2.01472736e-03, 5.78072678e+04, 9.06417346e-01, 1.06754439e+00
2.533421594214274, 1.37133567e-02, 1.36397300e+04, 5.52275901e-01, 2.97180868e-01
1.3894958061337976, 4.55172351e-03, 4.04141857e+04, 8.17014160e-01, 2.31425556e-01
0.41628096929653247, 7.50410666e-03, 5.59604735e+04, 7.46823089e-01, 3.56255898e-03
1.5160947082154226, 1.02622263e-02, 1.70114969e+04, 5.84902936e-01, 1.66535341e-01
0.8738868689602864, 4.75360490e-03, 4.25352720e+04, 8.56988444e-01, 2.37705228e-01
2.1266952517451614, 1.01566893e-02, 1.84220188e+04, 6.01598590e-01, 2.04000023e-01
3.403552054521625, 9.86797974e-03, 2.95535621e+04, 5.58496725e-01, 7.84543670e-02
1.8013919244749574, 7.22186168e-03, 2.17825628e+04, 5.84548105e-01, 9.34953033e-01
0.815438948078955, 1.05406742e-02, 2.30757810e+04, 5.51854311e-01, 3.20017103e-01
0.6030309368704968, 1.16399230e-02, 7.74826314e+03, 5.88712320e-01, 1.76738000e+00
2.541587975189878, 9.79432063e-03, 1.75486690e+04, 5.56486030e-01, 5.33411343e-01
1.506240250849698, 9.19476594e-03, 2.11915797e+04, 5.10367955e-01, 1.33285594e-01
0.6613836847224746, 5.81666875e-03, 3.32842614e+04, 6.95151878e-01, 3.86121222e-01
0.6471080706101707, 1.52075469e-02, 1.60309920e+04, 5.59525965e-01, 1.47229604e-01
0.5821566877472458, 2.47991575e-03, 8.40613101e+04, 6.63805669e-01, 1.11628138e-01
4.39009209956553, 5.24595737e-03, 2.52897917e+04, 6.07054702e-01, 4.85179211e-01
0.7129886569144539, 1.03318613e-02, 2.39594034e+04, 6.24660854e-01, 2.67974725e-01
1.6202907522827248, 1.49566978e-02, 1.04969884e+04, 5.13325095e-01, 4.40972598e-01
1.0219999582122432, 8.54833121e-03, 2.00038741e+04, 6.37223554e-01, 3.70822541e-01
3.144963055086093, 7.73754141e-03, 2.44242594e+04, 5.73651497e-01, 1.97829725e-01
0.5023412320553466, 4.83067259e-03, 4.94865528e+04, 6.87774911e-01, 1.50180305e-01
0.45802407892177427, 6.75479159e-02, 1.72649497e+04, 5.04554502e-01, 2.18369538e-04
2.459105706597235, 4.27594589e-03, 4.28976635e+04, 7.22853156e-01, 2.30365074e-01
1.1758989318646298, 3.73813823e-03, 3.98556591e+04, 7.59945262e-01, 5.55147002e-01
0.8415621231999791, 3.64503151e-03, 4.87138713e+04, 7.29069138e-01, 2.08077720e-01
2.4503434581329664, 4.17786971e-03, 3.74241926e+04, 6.50898157e-01, 5.57556570e-01
1.4631736486248617, 8.70561812e-03, 2.86849295e+04, 7.05480294e-01, 1.85103070e-01
2.26345425447468, 1.03653182e-02, 1.44464880e+04, 6.21209276e-01, 3.31820999e-01
1.859481796827759, 2.50553763e-02, 5.80054007e+03, 4.47041630e-01, 5.62701427e-01
2.3534616941187676, 7.14121169e-03, 1.53677744e+04, 5.24389473e-01, 2.41291806e+00
0.7485131085972835, 3.82885960e-03, 5.41307816e+04, 8.54779868e-01, 1.29471483e-01
0.6950500307286411, 2.04297208e-03, 5.54828121e+04, 8.36900530e-01, 6.85036374e-01
0.3702304688899437, 1.03591144e-02, 2.87283443e+04, 7.00477543e-01, 1.68389845e-02
1.304841494949334, 9.43623189e-03, 1.50224098e+04, 6.66500263e-01, 5.15727800e-01
2.801073860509858, 7.88982999e-03, 2.15901784e+04, 5.73215266e-01, 4.72813232e-01
1.6516441461247342, 7.42981538e-03, 2.28889357e+04, 5.82181803e-01, 3.58150918e-01
1.8073466142866779, 9.74562304e-03, 2.46424151e+04, 6.75166120e-01, 1.27672283e-01
1.175115038527815, 7.65817016e-03, 2.61872947e+04, 5.34120110e-01, 1.32676301e-01
2.116344894279259, 4.52289208e-03, 3.05962997e+04, 7.02391090e-01, 7.31443876e-01
0.8122597510970111, 4.55172351e-03, 4.04141857e+04, 8.17014160e-01, 2.31425556e-01
2.2236766590929657, 3.59416805e-03, 3.02428911e+04, 6.76270761e-01, 1.21174809e+00
1.2669727318940518, 3.48563677e-03, 4.95100619e+04, 7.14504237e-01, 4.20489061e-01
0.16496221261897284, 1.54631156e-02, 1.09630055e+04, 5.05623931e-01, 2.90620919e-01
0.726621626662632, 1.39676999e-02, 1.14015381e+04, 5.82219399e-01, 3.26108865e-01
1.0805954122554593, 1.14453424e-02, 2.67638120e+04, 6.58113996e-01, 1.51642985e-02
1.4438978257597954, 7.18028830e-03, 2.73997226e+04, 6.76822780e-01, 2.53956052e-01
0.42994242844217856, 3.46360268e-03, 4.14485939e+04, 7.16030175e-01, 5.20037690e-01
1.7803542794916956, 2.81845266e-03, 6.62439506e+04, 8.17062410e-01, 6.97136853e-01
0.9293126051655973, 2.00825437e-03, 1.01900422e+05, 9.23404165e-01, 3.14734351e-01
2.1193796777069425, 8.43991371e-03, 1.89482235e+04, 5.04696498e-01, 5.10815180e-01
1.8382160572703214, 4.36287588e-03, 3.28475684e+04, 6.25355584e-01, 8.13482596e-01
1.5579658944269004, 1.12353992e-02, 4.03225632e+04, 7.30200590e-01, 4.00631821e-03
0.5514771740564985, 2.55718231e-02, 8.66860507e+03, 5.28076118e-01, 1.60823190e-01
0.7352474658130737, 4.60232369e-03, 3.21078484e+04, 6.86611445e-01, 3.72234445e-01
1.337225405910373, 3.78314481e-03, 2.10713142e+04, 7.82042778e-01, 4.78088386e+00
2.0742846876701897, 2.12108095e-02, 1.02718144e+04, 5.18204835e-01, 2.77858260e-01
4.037494540989303, 2.28039409e-02, 1.08991531e+04, 5.33419290e-01, 6.76256096e-02
3.7658991153178922, 8.39297330e-03, 1.83630630e+04, 5.62576929e-01, 3.86816835e-01
0.9126424418525627, 4.72173447e-03, 4.41541061e+04, 8.06109801e-01, 2.17325564e-01
0.4084685271725216, 4.72662161e-03, 3.77646259e+04, 7.17483057e-01, 3.26426611e-01
2.180143240972998, 5.50979686e-03, 2.72808273e+04, 5.79311496e-01, 3.59232354e-01
3.1581106158993992, 1.07360720e-02, 1.30199122e+04, 5.66445350e-01, 4.78135131e-01
2.778767141413348, 1.01704083e-02, 1.49867000e+04, 5.18950459e-01, 7.10398732e-01
1.677681558966456, 1.40458475e-02, 1.34768101e+04, 5.26465783e-01, 2.75607479e-01
3.3172378485904157, 8.05731180e-03, 1.94780697e+04, 6.17438694e-01, 3.80673254e-01
0.9188121860768234, 4.55172351e-03, 4.04141857e+04, 8.17014160e-01, 2.31425556e-01
0.24418814039098038, 1.95745074e-02, 2.71101457e+04, 6.52213316e-01, 1.42768664e-03
0.33582696888591196, 1.72729751e-03, 9.30812868e+04, 9.12181169e-01, 1.08133637e+00
0.7384861407163992, 5.38265726e-03, 4.23195706e+04, 5.88420810e-01, 2.44668565e-01
0.6974843752850807, 1.10514815e-02, 1.71393087e+04, 6.43309899e-01, 3.05329375e-01
0.8381412471492821, 5.02675445e-03, 3.37774369e+04, 6.50409752e-01, 3.04339126e-01
0.727913548317544, 5.75375111e-03, 3.28163450e+04, 8.45196365e-01, 2.44952411e-01
0.8254521878169574, 3.36071581e-03, 7.69835289e+04, 8.49480234e-01, 2.20658949e-01
1.738371436117472, 4.55172351e-03, 4.04141857e+04, 8.17014160e-01, 2.31425556e-01
3.3647571931124176, 4.34343353e-03, 4.06295349e+04, 6.18766989e-01, 2.16577973e-01
3.057462295547141, 1.40556422e-02, 1.30157047e+04, 5.71261892e-01, 2.45244978e-01
2.436529499693585, 2.46791072e-03, 6.80848849e+04, 6.76817610e-01, 7.12719964e-01
1.0380329130228723, 7.86693112e-03, 3.24619259e+04, 5.96263693e-01, 2.36397915e-01
0.48942159614826375, 2.82522551e-03, 5.40594548e+04, 7.36868757e-01, 3.31961776e-01
2.6671146601265026, 5.78007109e-03, 2.53971699e+04, 6.46929818e-01, 1.10168674e+00
1.8123868441126811, 4.66511250e-03, 4.70861816e+04, 6.48268121e-01, 2.36408244e-01
1.985009219879459, 9.10713925e-03, 2.13722392e+04, 5.29180530e-01, 6.45468532e-01
1.617484205149425, 1.29808330e-02, 1.74941411e+04, 5.74656074e-01, 2.57048581e-01
1.3830855498250072, 1.04217917e-02, 3.01151968e+04, 5.68247787e-01, 4.70378451e-02
3.1537333572431807, 1.16846236e-02, 1.79974671e+04, 5.28121067e-01, 2.50570642e-01
1.5409255614217516, 6.06111667e-03, 3.37237210e+04, 5.77539020e-01, 2.37497104e-01
1.2684895725782488, 4.95457717e-03, 4.40734197e+04, 7.09088626e-01, 2.43478768e-01
1.5281521284385016, 8.76296589e-03, 2.50710425e+04, 5.73376096e-01, 3.35450044e-01
1.5267586560687536, 8.40782350e-03, 1.68643844e+04, 5.73270764e-01, 7.37329490e-01
0.71246015334347, 9.24472682e-03, 2.02640350e+04, 6.81724099e-01, 2.39193293e-01
1.5837366366533951, 1.05116060e-02, 2.13273468e+04, 5.47643657e-01, 1.24845892e-01
1.389672504643068, 9.83722534e-03, 2.09084497e+04, 5.14752531e-01, 5.86389971e-01
1.5433639267169552, 7.72268943e-03, 2.61121238e+04, 5.61908060e-01, 3.12088190e-01
1.4916025511048268, 5.15100045e-03, 3.39552247e+04, 7.08599964e-01, 2.93352434e-01
0.5354143358711138, 1.30219688e-02, 1.71340733e+04, 7.57735124e-01, 9.86125209e-02
1.0633742731971303, 4.55172351e-03, 4.04141857e+04, 8.17014160e-01, 2.31425556e-01
1.0660922399145054, 1.08223891e-02, 1.57165467e+04, 5.34195387e-01, 4.89371797e-01
1.4535958299138168, 5.77487270e-03, 3.07352954e+04, 6.30479641e-01, 2.45823863e-01
2.689418290961776, 6.26227996e-03, 2.47502512e+04, 5.75562854e-01, 3.65734224e-01
1.568442456274725, 2.50704687e-03, 6.93876928e+04, 9.57360306e-01, 2.18414073e-01
0.6934489058558114, 3.80685178e-03, 3.38926472e+04, 8.37551799e-01, 7.67866141e-01
1.6603711143034663, 1.99790855e-02, 1.13314024e+04, 4.91825436e-01, 2.50325540e-01
2.710863056498198, 3.62200257e-03, 4.36620359e+04, 7.37201629e-01, 2.92297519e-01
0.9732712851872107, 7.97263594e-03, 2.20333459e+04, 6.88683668e-01, 3.17490332e-01
1.034232201071286, 1.03673255e-02, 1.59111387e+04, 5.23244627e-01, 7.75942523e-01
0.5033243948690687, 9.95026012e-03, 1.98942791e+04, 6.03325496e-01, 1.75561579e-01
0.31839917973177095, 3.79144665e-03, 4.01935346e+04, 8.52965783e-01, 6.07317122e-01
0.5026802362533404, 2.33456881e-02, 1.46115374e+04, 5.52455817e-01, 1.04951001e-02
0.7059626297584456, 9.23688242e-03, 2.21827917e+04, 6.39385456e-01, 6.28624149e-01
1.5228210113217595, 7.09943907e-03, 3.63447190e+04, 6.71342167e-01, 1.40354475e-01
1.0188746527301902, 4.70846361e-03, 2.72805114e+04, 7.05889756e-01, 4.98661827e-01
1.4339432075729248, 4.55172351e-03, 4.04141857e+04, 8.17014160e-01, 2.31425556e-01
2.1934350442158554, 2.57402084e-03, 5.02971847e+04, 7.18053282e-01, 1.13140575e+00
1.0481394064974665, 9.86410184e-03, 4.21003562e+04, 6.95104959e-01, 1.28979474e-02
1.4388650099253713, 3.77886655e-03, 5.33644307e+04, 7.45674325e-01, 2.09268371e-01
3.9241361809193647, 4.16641214e-03, 4.16103073e+04, 6.54659506e-01, 3.01123014e-01
2.0312080504751893, 4.55172351e-03, 4.04141857e+04, 8.17014160e-01, 2.31425556e-01
1.5803894889149026, 3.76470877e-03, 5.53815561e+04, 7.29483009e-01, 9.41134592e-02
0.4516125652863682, 6.66865689e-03, 2.64446365e+04, 7.39227724e-01, 3.23217445e-01
0.9959028780925601, 1.17167335e-02, 1.71718679e+04, 6.71259831e-01, 2.29155501e-01
0.9032466821192469, 7.21506150e-03, 5.81301499e+04, 7.84202755e-01, 5.48255967e-03
0.4686266884803383, 1.99281947e-02, 1.51998777e+04, 6.08672214e-01, 1.54805450e-02
0.7443032974118075, 1.29625374e-02, 3.07691717e+04, 7.15677806e-01, 6.46016267e-03
4.159682680409297, 3.09698789e-03, 4.59325506e+04, 5.91253802e-01, 1.99551986e-01
1.2049274142898416, 2.32450830e-02, 9.27809790e+03, 5.59032096e-01, 1.85025945e-01
0.8666210674770777, 1.45368889e-02, 7.54425044e+03, 4.83259030e-01, 1.06322406e+00
0.6949320075312904, 2.76854517e-03, 5.69969785e+04, 8.82318791e-01, 2.84307235e-01
2.724100544179163, 1.05441075e-02, 1.42624467e+04, 5.57194327e-01, 3.32190534e-01
1.8833586801270954, 4.55172351e-03, 4.04141857e+04, 8.17014160e-01, 2.31425556e-01
1.6339547407907937, 1.72735052e-02, 1.59231991e+04, 5.31062620e-01, 1.28308104e-01
0.35592854954973274, 4.16902377e-03, 4.98973603e+04, 7.90246211e-01, 1.84798185e-01
1.9167956766810361, 9.79919929e-03, 2.14804841e+04, 5.16376785e-01, 1.58729737e-01
0.7197021766259144, 1.25066340e-02, 1.30233237e+04, 6.01028005e-01, 9.99713838e-01
1.0855104334092676, 1.72959023e-03, 1.08853857e+05, 9.47987076e-01, 6.13762962e-01
1.0317925744037606, 7.87348799e-03, 1.64657489e+04, 6.23718651e-01, 6.79943445e-01
1.7407973279353102, 1.02693672e-02, 2.21625832e+04, 5.58905560e-01, 3.63148750e-01
0.29885201132256256, 3.42999921e-03, 5.56554330e+04, 8.12522838e-01, 2.49095795e-01
0.30119739991372174, 8.69403895e-03, 3.42861431e+04, 7.56189956e-01, 6.08013852e-02
0.11304878826542554, 4.41043023e-03, 3.86796139e+04, 7.39798635e-01, 2.93658841e-01
0.8139091609962321, 5.50978439e-03, 2.28613270e+04, 6.21698705e-01, 5.96194154e-01
0.5181585530572641, 5.56630628e-03, 2.39502870e+04, 6.63644032e-01, 1.01013270e+00
2.621659873248484, 4.28513633e-03, 4.47037384e+04, 6.84946753e-01, 2.39001392e-01
0.9961306445535872, 3.93107062e-03, 4.58030864e+04, 8.41338166e-01, 2.90146015e-01
1.720378430630475, 1.99156261e-02, 8.78439432e+03, 5.06283698e-01, 8.58582602e-01
0.10202426022931632, 4.64008351e-03, 4.20560255e+04, 8.05565488e-01, 1.86230970e-01
1.117842187763364, 9.06882660e-03, 1.73150796e+04, 5.31424419e-01, 9.36247465e-01
0.4043313998005249, 5.94366153e-03, 4.19214223e+04, 7.53825632e-01, 2.51296227e-01
0.9724109374444031, 2.67327039e-03, 7.12821802e+04, 7.82894057e-01, 3.22166806e-01
1.601167571856644, 4.45927883e-03, 3.70470737e+04, 7.51590251e-01, 2.29687442e-01
0.5249583922767516, 4.06858111e-03, 3.80164918e+04, 6.89515311e-01, 4.25803796e-01
1.14441979667048, 4.67314450e-03, 4.19924264e+04, 7.11223254e-01, 2.02021859e-01
1.9225926496808188, 4.55172351e-03, 4.04141857e+04, 8.17014160e-01, 2.31425556e-01
1.7822474926236278, 3.90635214e-03, 4.05838620e+04, 6.86386326e-01, 4.09572243e-01
2.0712126067831838, 1.32690569e-02, 1.60472834e+04, 5.69310211e-01, 3.67914674e-01
0.18064296637675895, 2.59698556e-03, 6.18586149e+04, 8.62585369e-01, 7.23002822e-01
0.5693397649332708, 1.02630804e-02, 1.98949890e+04, 6.42071263e-01, 3.36689180e-01
1.1014091868904325, 4.84818947e-03, 6.27296622e+04, 7.29876343e-01, 1.50532225e-02
1.8311632406371912, 7.02901087e-03, 4.31010838e+04, 6.25191376e-01, 1.48846143e-02
1.6396130764019174, 1.11360654e-02, 1.44873827e+04, 5.13395654e-01, 5.04155943e-01
1.3123389303188153, 1.04885732e-02, 2.20032799e+04, 6.59283821e-01, 1.17765969e-01
0.9626579992278148, 3.01271654e-03, 7.47248455e+04, 7.90536242e-01, 2.03991500e-01
3.256618646613296, 8.99592343e-03, 1.85771806e+04, 6.10521572e-01, 4.89426641e-01
1.3576535674501278, 4.86333156e-03, 4.62089849e+04, 6.24823921e-01, 2.40007159e-01
1.8686934158776913, 9.52610616e-03, 2.84425928e+04, 5.61173761e-01, 1.50467592e-01
2.1329100166660315, 1.13509556e-02, 2.02607458e+04, 6.34900012e-01, 2.10105717e-01
1.9580962459636382, 3.87298721e-03, 3.32218881e+04, 7.08824223e-01, 7.62273619e-01
3.9611258566934042, 1.69110567e-02, 1.01850230e+04, 5.36975895e-01, 2.55542710e-01
2.108125919854866, 2.19205643e-02, 6.47755273e+03, 4.86945742e-01, 1.09650313e+00
0.44167183147168904, 2.38667511e-03, 7.14988020e+04, 8.28926541e-01, 4.94916548e-01
2.4406614549128927, 9.56259370e-03, 2.32408178e+04, 5.98606810e-01, 5.74697322e-01
0.5404680416699208, 4.55172351e-03, 4.04141857e+04, 8.17014160e-01, 2.31425556e-01
2.0693476313170645, 2.00835906e-02, 8.66372581e+03, 5.09027684e-01, 2.20905768e-01
2.2714158985583075, 1.57627613e-02, 1.56543939e+04, 5.49802946e-01, 2.34393598e-01
1.1372305802196647, 5.26144541e-03, 3.83619338e+04, 7.78901178e-01, 5.28891377e-01
1.8041736332865514, 7.33310198e-03, 3.23551805e+04, 5.70071108e-01, 2.62837071e-01
1.6063731067655298, 8.09931854e-03, 2.30731179e+04, 5.61260412e-01, 2.40790831e-01
0.9500972735423229, 2.21044664e-03, 1.01178724e+05, 7.47161366e-01, 2.22382607e-01
1.4389198319970284, 4.55172351e-03, 4.04141857e+04, 8.17014160e-01, 2.31425556e-01
0.7527977068472489, 5.65547289e-03, 3.34573056e+04, 6.68408813e-01, 2.67032554e-01
2.3116093638824493, 2.89227221e-02, 7.32851070e+03, 5.06188753e-01, 2.10832133e-01
0.7840226281255702, 1.05566430e-02, 1.62817169e+04, 4.45906693e-01, 4.52055368e-01
1.1628283870499028, 2.28326901e-03, 1.07031982e+05, 8.93043317e-01, 1.51952214e-01
1.8024250392897967, 3.03764507e-03, 4.18693605e+04, 7.63795652e-01, 8.55686152e-01
1.082736541121309, 4.55172351e-03, 4.04141857e+04, 8.17014160e-01, 2.31425556e-01
3.4845738023538195, 1.18875020e-02, 2.16065853e+04, 5.54724839e-01, 1.22762899e-01
0.6245685445586463, 3.06482489e-02, 1.01618707e+04, 5.86863404e-01, 1.39420898e-02
0.4666311735875597, 6.91908855e-03, 2.85147661e+04, 6.49223966e-01, 2.55637530e-01
2.1862754312836428, 4.16665710e-03, 4.68392793e+04, 6.11082227e-01, 2.35380487e-01
1.75823068124586, 9.27719187e-03, 2.13975586e+04, 6.52073252e-01, 1.55757604e-01
1.3388081099412106, 4.55172351e-03, 4.04141857e+04, 8.17014160e-01, 2.31425556e-01
0.5838898573324881, 1.86833246e-02, 2.30924842e+04, 6.96881523e-01, 4.82848827e-02
2.653584906032817, 4.62285177e-03, 3.67305961e+04, 6.82321883e-01, 2.74963748e-01
2.4460015445726784, 1.66927591e-02, 8.96876744e+03, 5.16324461e-01, 4.81252509e-01
0.5269097273104538, 3.92692814e-03, 3.41720150e+04, 6.70761440e-01, 5.25713042e-01
0.613736298986393, 2.11312460e-02, 2.31002856e+04, 6.05174806e-01, 1.83111735e-03
1.1982754742526294, 4.55172351e-03, 4.04141857e+04, 8.17014160e-01, 2.31425556e-01
2.8420163024412144, 2.09190822e-02, 8.16628024e+03, 5.34441811e-01, 7.51314210e-01
1.5791164711235748, 3.98911339e-03, 4.90199649e+04, 7.52853085e-01, 2.24696184e-01
1.3335900041080615, 6.75312763e-03, 2.36165056e+04, 6.71741657e-01, 4.10479281e-01
2.184306190705635, 1.38462952e-02, 1.70926170e+04, 5.89869693e-01, 1.13138065e-01
2.150876302433809, 1.58733228e-02, 1.55292611e+04, 5.71474376e-01, 2.37631156e-01
2.021046525126288, 3.18931824e-03, 6.53748203e+04, 7.04018529e-01, 2.96134466e-01
1.0936627170946125, 2.87243066e-03, 3.67303392e+04, 7.73992156e-01, 2.85850552e+00
1.761155704808502, 5.11963308e-03, 3.09082961e+04, 6.36614490e-01, 3.77789479e-01
1.3200419130328294, 1.05832392e-02, 1.67609527e+04, 5.76067888e-01, 4.21685401e-01
2.3150095251761234, 8.01383664e-03, 2.66320613e+04, 6.97245322e-01, 1.18952945e-01
1.2177777243285273, 5.58904489e-03, 3.02963723e+04, 5.99027169e-01, 1.23701722e+00
1.275327060975293, 8.82628147e-03, 2.13291899e+04, 6.32547463e-01, 2.39453179e-01
0.4041179507387704, 1.77552811e-02, 1.02436708e+04, 4.63365840e-01, 3.42819059e-01
1.3112595757098653, 8.23464983e-03, 1.80970248e+04, 5.85565229e-01, 4.99086605e-01
1.7496216115839287, 4.19934074e-03, 3.57683248e+04, 6.78386478e-01, 5.06559063e-01
1.390695825013687, 2.89887619e-02, 8.84684436e+03, 5.46910615e-01, 1.93763535e-01
3.442826391702746, 4.28081390e-03, 4.72006719e+04, 6.27505509e-01, 2.31802473e-01
2.667858178803706, 8.26030643e-03, 1.71938095e+04, 5.61163024e-01, 8.13128093e-01
1.9502809716727985, 8.75839234e-03, 2.20348174e+04, 5.32463272e-01, 1.93148321e-01
1.047770957056197, 4.83073697e-03, 3.79600214e+04, 7.84786688e-01, 2.66476929e-01
1.0908473047738498, 7.45594320e-03, 2.99156399e+04, 7.41147838e-01, 3.38338431e-01
1.5511403380498892, 8.20776885e-03, 2.15785814e+04, 6.57889901e-01, 3.65270859e-01
0.937802507343389, 5.88689529e-03, 2.65860417e+04, 6.64386723e-01, 1.44878027e+00
0.5388620546760303, 1.64911605e-03, 6.31616340e+04, 9.22286531e-01, 1.30799612e+00
2.6473595994310237, 9.50313887e-03, 3.93606487e+04, 5.73343814e-01, 4.85774797e-03
2.2322430801528745, 1.82660932e-02, 1.59882631e+04, 5.15098022e-01, 1.71411010e-01
2.5487246166629283, 4.19376889e-02, 5.19053162e+03, 4.64210890e-01, 1.55857769e-01
0.28482523275491606, 1.36624924e-03, 1.33112742e+05, 8.19018177e-01, 4.28632490e-01
1.883094079381411, 3.66196307e-03, 4.13082162e+04, 7.58356284e-01, 4.10841936e-01
1.2897434038396531, 6.75957874e-03, 2.24895039e+04, 6.87491017e-01, 5.89535333e-01
0.8983939607864417, 1.04262061e-02, 2.10747173e+04, 6.77486245e-01, 2.06870418e-01
2.175288492913363, 1.12146860e-02, 1.79533548e+04, 5.72774360e-01, 1.51224108e-01
0.8470565055367303, 4.30525071e-03, 3.28770807e+04, 6.02084729e-01, 2.10493257e+00
0.48887808805719746, 8.15690074e-03, 2.35268335e+04, 5.83996365e-01, 3.21479986e-01
0.5606940218842639, 1.93340964e-02, 5.59134553e+03, 4.96336226e-01, 1.45495410e+00
0.8685842128072068, 4.00745160e-03, 3.41283038e+04, 9.32499169e-01, 7.25270024e-01
0.9295661833898562, 5.68203174e-03, 2.57663999e+04, 7.34387815e-01, 1.17090316e+00
2.7522939766556482, 1.37866309e-02, 1.17583196e+04, 5.33732278e-01, 3.64711516e-01
2.4478375114662616, 1.30678642e-02, 1.78732972e+04, 5.76593369e-01, 1.14256461e-01
1.3367566348212432, 1.09003381e-02, 1.70234613e+04, 4.72102608e-01, 8.79391957e-01
0.8324576212564905, 2.90212729e-03, 5.22613729e+04, 8.57739806e-01, 3.43666286e-01
0.4424709610164384, 1.57380194e-03, 8.48683146e+04, 9.22612392e-01, 5.08593782e-01
0.5876581755622807, 4.33180560e-03, 4.34643931e+04, 7.24894315e-01, 2.42750976e-01
0.9621264538168035, 4.78345670e-03, 3.23151131e+04, 7.37949608e-01, 9.80204625e-01
4.2622480461392644, 5.50849046e-03, 2.79608911e+04, 6.06466257e-01, 7.07811902e-01
0.7078003494673422, 4.06199461e-03, 5.22636290e+04, 7.62633777e-01, 1.00560907e-01
0.9020009387465968, 1.08248639e-02, 1.36753719e+04, 6.57920080e-01, 6.86211389e-01
0.9317520327594264, 3.58772980e-03, 4.22646016e+04, 7.63127133e-01, 4.35473283e-01
0.38735227786128557, 7.48956337e-03, 3.38192270e+04, 5.78751350e-01, 2.39362909e-01
2.206004819248781, 1.02029849e-02, 1.21547141e+04, 5.68469257e-01, 8.62032187e-01
0.30882196867478007, 5.46045212e-03, 3.57060828e+04, 7.89679333e-01, 2.17848905e-01
1.4131795871030852, 5.31411331e-03, 3.15655891e+04, 7.66981129e-01, 2.51785421e-01
2.1184048096712953, 7.31901139e-03, 2.57387415e+04, 5.75901177e-01, 2.03926905e-01
0.762865862708762, 8.89405612e-03, 1.58871960e+04, 6.25092862e-01, 6.99880425e-01
0.7864071916177706, 1.00759894e-02, 1.36552841e+04, 6.39826478e-01, 1.08882063e+00
1.9698963837777925, 6.11122369e-03, 2.87650835e+04, 6.49307049e-01, 3.41121758e-01
0.41544838047722077, 4.00214462e-03, 4.57120990e+04, 9.76258462e-01, 3.62300920e-01
2.3609881161933455, 4.66733117e-03, 3.28160250e+04, 6.52671496e-01, 5.43172264e-01
0.9791007350361659, 6.09456546e-03, 2.54348578e+04, 6.59369945e-01, 3.03744830e-01
1.240351672019375, 1.94015287e-03, 7.44660464e+04, 8.92761889e-01, 8.41566645e-01
0.5437721432549772, 3.68046035e-03, 6.16682984e+04, 7.64881040e-01, 3.42169668e-01
1.4655321618539667, 3.61283713e-03, 4.55448235e+04, 8.35561023e-01, 3.27927394e-01
1.912342512697297, 9.36766244e-03, 2.08577021e+04, 5.46350539e-01, 1.76553146e-01
0.874609612158797, 3.02645929e-03, 5.78117999e+04, 7.73080824e-01, 6.94922220e-01
1.2870158644763365, 8.68282442e-03, 1.86049076e+04, 5.75321392e-01, 3.39608892e-01
1.2323291141090773, 4.80087749e-03, 4.55671862e+04, 6.71490259e-01, 2.36787968e-01
2.8855184471357997, 9.58624614e-03, 1.50766569e+04, 5.41143425e-01, 1.14391439e+00
1.9160930665264944, 1.91218521e-02, 1.05444383e+04, 5.12015968e-01, 2.38684725e-01
1.671711551782362, 7.92861086e-03, 1.99797197e+04, 6.51464825e-01, 2.69060427e-01
0.12462040587525594, 3.56812651e-03, 4.45538521e+04, 7.08453301e-01, 4.65494987e-01
0.7206837516059657, 4.01304780e-03, 4.01265192e+04, 6.83676730e-01, 6.50943091e-01
2.3501956263056085, 6.38595381e-03, 3.36866590e+04, 5.91807068e-01, 8.94758302e-02
4.051616219886911, 6.06833561e-02, 1.52298533e+04, 5.39609972e-01, 2.10274959e-04
1.2190229699597408, 9.96065358e-03, 2.46584236e+04, 5.92778136e-01, 1.84685380e-01
0.41064089714617535, 2.68112731e-03, 8.93233687e+04, 8.31114011e-01, 1.99743407e-01
0.7505671427608378, 2.30015417e-03, 8.25056458e+04, 7.93405062e-01, 3.45551585e-01
2.429509155495428, 9.63690684e-03, 1.69569498e+04, 5.06442544e-01, 2.89585358e-01
1.087436856819781, 2.10214367e-03, 9.00243944e+04, 8.84771132e-01, 2.07139618e-01
2.5760260033095523, 4.94293998e-03, 3.05345658e+04, 6.17425523e-01, 4.11588199e-01
2.52939343825008, 1.59036369e-02, 1.71763388e+04, 5.87501131e-01, 1.31215216e-01
1.126454979729285, 8.83313191e-03, 1.93048274e+04, 5.78117125e-01, 4.24356469e-01
1.257275584445503, 2.49088610e-02, 1.09441168e+04, 4.77723193e-01, 4.78405420e-02
0.3440333419737371, 6.51784654e-03, 5.88035993e+04, 8.40182000e-01, 7.67546627e-03
3.4330179596916333, 4.42044105e-03, 4.39005730e+04, 6.84134120e-01, 2.40086754e-01
0.8408475199889991, 1.23803518e-02, 1.13828485e+04, 6.22216858e-01, 4.26546422e-01
1.2615933056693374, 6.32399675e-03, 1.99960869e+04, 5.05806998e-01, 7.05569075e-01
0.35037414136179906, 9.96877226e-03, 1.86189555e+04, 6.07742926e-01, 2.35519437e-01
2.1389772795581057, 7.74950954e-03, 2.40651009e+04, 6.08217614e-01, 2.51485644e-01
2.691215128054174, 2.16628963e-02, 1.15971605e+04, 5.12008728e-01, 2.90198560e-01
1.1171395461932005, 3.41028058e-03, 3.30529557e+04, 6.13321224e-01, 2.86505509e+00
1.15066329814813, 6.73116645e-03, 1.97819928e+04, 6.74353561e-01, 6.53815009e-01
1.5103748040140748, 1.04242619e-02, 1.94104207e+04, 5.73277979e-01, 1.22500648e-01
2.1864743242266216, 4.42724256e-03, 3.72848850e+04, 6.52484318e-01, 3.07019314e-01
1.7417174987377568, 7.80974133e-03, 2.54118148e+04, 5.73537545e-01, 4.04895194e-01
0.547406231986636, 8.78608782e-03, 2.15210982e+04, 6.21291793e-01, 2.41073062e-01
0.7386896486567235, 4.22366049e-03, 2.83066753e+04, 7.97021697e-01, 5.36049422e-01
0.4363562984095803, 2.35241835e-03, 1.02399455e+05, 7.61375218e-01, 1.96354735e-01
3.4039665018487484, 1.02262634e-02, 1.54784673e+04, 5.62007602e-01, 1.09278966e+00
0.4552048927743203, 6.76758894e-03, 2.71867761e+04, 6.44202913e-01, 2.40857714e-01
2.7250464642384187, 1.49408980e-02, 1.13911415e+04, 5.22681756e-01, 2.85404077e-01
2.4089786630073586, 4.93966145e-03, 3.80485099e+04, 7.26350248e-01, 3.83741744e-01
2.0884418831973584, 1.57821433e-02, 9.15770105e+03, 5.13079185e-01, 6.13226172e-01
1.3942962870648077, 4.51399590e-03, 5.47238676e+04, 7.50694699e-01, 1.07234951e-01
0.45829449541523665, 2.96910557e-03, 4.70786913e+04, 8.29126953e-01, 6.95399198e-01
1.6387678780678647, 7.80890935e-03, 2.42195643e+04, 5.86800109e-01, 1.61498717e-01
2.618425760960698, 6.94652046e-03, 2.95265605e+04, 6.11225576e-01, 2.43213138e-01
0.8686157920916385, 5.56793020e-03, 3.72686399e+04, 7.10603741e-01, 3.06863237e-01
0.5550911461382888, 1.90444372e-03, 5.39955280e+04, 8.86861022e-01, 1.38401222e+00
0.512569499926032, 2.19215516e-03, 6.56188368e+04, 7.85001480e-01, 8.39524573e-01
1.9699866919789073, 4.49537525e-03, 3.72144494e+04, 7.60703879e-01, 2.96010097e-01
0.18592769760083067, 2.33557599e-03, 4.19731667e+04, 8.71672523e-01, 2.64546106e+00
1.3279313521461058, 3.97572331e-03, 4.70925591e+04, 8.32440961e-01, 9.12219964e-01
1.5578917041162677, 9.07055640e-03, 1.43335307e+04, 5.44525881e-01, 9.80642810e-01
3.503648399831595, 1.43118011e-02, 1.76101795e+04, 5.42777914e-01, 4.07386712e-01
2.0437872338175285, 8.14902582e-03, 2.00465588e+04, 6.27723491e-01, 2.55771519e-01
1.2304378831567218, 1.68524491e-02, 2.33504555e+04, 5.40086645e-01, 4.01524022e-03
0.5039952806122263, 3.50899718e-03, 3.25957479e+04, 7.29281134e-01, 1.05100353e+00
1.1414854142825692, 4.13874500e-03, 3.98210676e+04, 7.90270635e-01, 2.50806307e-01
3.704277226711362, 1.29365319e-02, 2.02706596e+04, 5.95654447e-01, 5.59171122e-02
4.6110629400534044, 5.25153501e-03, 3.78119611e+04, 6.21061926e-01, 1.06422948e+00
1.2907632751449967, 9.60315312e-03, 1.78456470e+04, 5.28529064e-01, 5.60075691e-01
1.717966922038081, 1.35004072e-02, 9.87390157e+03, 5.56355435e-01, 6.15714407e-01
0.8132557250891372, 1.71080719e-02, 1.06614259e+04, 5.53833086e-01, 1.60741390e-01
3.639720634180883, 3.97183073e-03, 5.73152367e+04, 4.61540432e-01, 2.55795328e-01
1.7042860460952651, 2.83932638e-02, 7.82446913e+03, 4.56404156e-01, 3.66679105e-01
1.8652969931763437, 3.56257245e-03, 5.44954788e+04, 7.89468172e-01, 3.34416668e-01
0.27704177736910046, 3.97267216e-03, 3.53418936e+04, 7.38774895e-01, 8.53705218e-01
1.0095561039076706, 2.75629591e-03, 6.72026883e+04, 9.05198264e-01, 1.46758159e-01
0.5676960076182546, 4.79630210e-03, 4.02438602e+04, 6.99082295e-01, 1.59100603e-01
1.6059098505893608, 4.64338988e-03, 3.38645369e+04, 6.11440960e-01, 4.28413843e-01
1.7854762482279112, 8.27879204e-03, 1.70038339e+04, 5.87692630e-01, 6.85005482e-01
3.3217861327427087, 7.00914694e-03, 2.21955105e+04, 5.97286113e-01, 4.90225395e-01
0.9124168642261969, 2.40248080e-03, 5.49459333e+04, 7.44708501e-01, 1.20176263e+00
0.8910149266742702, 6.29844179e-03, 2.84388442e+04, 5.90156302e-01, 2.60966987e-01
1.4332419373481102, 7.86164527e-03, 1.32707799e+04, 5.71540946e-01, 1.40525295e+00
1.2583323391631676, 7.48899451e-03, 2.07959213e+04, 7.22122569e-01, 2.69746092e-01
0.961091173198402, 6.29869569e-03, 2.31116431e+04, 6.47034400e-01, 5.60358216e-01
0.7677835550400166, 5.85346959e-03, 2.73503738e+04, 7.59209145e-01, 4.04641422e-01
1.0694010146718307, 4.55172351e-03, 4.04141857e+04, 8.17014160e-01, 2.31425556e-01
1.384128206355501, 3.97916067e-03, 4.95347922e+04, 7.73021569e-01, 3.99009491e-01
3.0798728993788753, 7.86032515e-03, 2.19849002e+04, 5.72522798e-01, 2.54398816e-01
1.882786396444881, 4.96585482e-03, 4.37796520e+04, 7.20177403e-01, 2.50082837e-01
1.6739241316246498, 2.41167076e-02, 8.43785588e+03, 4.53200959e-01, 2.78163001e-01
1.4531983111114013, 9.05539165e-03, 3.69781170e+04, 6.27104177e-01, 2.62136910e-02
3.11364355275337, 4.33728191e-03, 5.05430653e+04, 5.66852227e-01, 2.43485901e-01
0.5744883836631672, 6.05905083e-03, 2.65410590e+04, 7.96292370e-01, 9.38295883e-01
2.6786611515936944, 9.37431149e-03, 2.92690517e+04, 6.45249425e-01, 3.04579246e-01
2.4821690208981866, 1.47716044e-02, 9.51223624e+03, 5.11414077e-01, 9.82792900e-01
3.0821326391400663, 3.78371643e-03, 3.29233140e+04, 6.30385490e-01, 1.03896945e+00
1.1229692639088968, 1.25563061e-02, 1.96964408e+04, 6.40999741e-01, 1.85540773e-01
0.46674922348039033, 5.62313942e-03, 4.09216289e+04, 5.83612316e-01, 2.29545661e-01
2.2166308681316576, 2.16939237e-02, 8.30544247e+03, 4.72574149e-01, 2.70193940e-01
1.724502923526712, 4.55172351e-03, 4.04141857e+04, 8.17014160e-01, 2.31425556e-01
2.023957452180337, 9.61754142e-03, 9.83452478e+03, 4.94836318e-01, 2.57008435e+00
1.7028125808767167, 4.11187516e-03, 3.40513953e+04, 6.87042101e-01, 5.56714273e-01
1.2753397619293456, 4.47180037e-03, 4.46514610e+04, 7.82502010e-01, 2.95983690e-01
1.6203996961540403, 4.98957594e-03, 3.32432582e+04, 7.52307778e-01, 3.22651915e-01
0.642121676209832, 5.87418799e-03, 3.06449242e+04, 6.42032536e-01, 2.17956810e-01
2.054566216532495, 6.22923442e-03, 2.88896351e+04, 6.23556719e-01, 3.29784656e-01
3.934505195338363, 1.68243713e-02, 1.04494400e+04, 5.30719229e-01, 2.21580996e-01
1.495866494787188, 3.40035075e-03, 3.36311224e+04, 7.50832442e-01, 1.60103462e+00
2.213974190505207, 8.83376396e-03, 2.40579570e+04, 6.14155301e-01, 2.06186611e-01
0.3955785560899674, 1.27336264e-02, 1.37856564e+04, 5.93364009e-01, 2.87850029e-01
0.5287748052785122, 1.97502469e-03, 4.08448233e+04, 7.25502214e-01, 4.36238953e+00
1.4596468904443292, 4.55172351e-03, 4.04141857e+04, 8.17014160e-01, 2.31425556e-01
1.414014776578546, 4.55172351e-03, 4.04141857e+04, 8.17014160e-01, 2.31425556e-01
1.071702705617664, 4.55172351e-03, 4.04141857e+04, 8.17014160e-01, 2.31425556e-01
0.6144682984205942, 1.84340019e-03, 1.10640343e+05, 8.15545248e-01, 1.96949903e-01
1.643341226500294, 4.19093353e-02, 1.07968594e+04, 4.79250395e-01, 2.38366397e-03
3.82879528234073, 4.68040879e-03, 4.16327508e+04, 6.19400118e-01, 2.30584109e-01
0.8008154670683932, 1.55572411e-02, 2.72097638e+04, 6.37544633e-01, 2.43631415e-02
0.9308252633205557, 1.16502212e-02, 1.49815908e+04, 5.41460667e-01, 4.53657879e-01
1.24587716495765, 7.15663410e-03, 2.64687567e+04, 7.21506449e-01, 2.38211119e-01
1.201705642909721, 5.00265587e-03, 1.76556479e+04, 6.36086333e-01, 4.39459821e+00
1.2937523994525821, 1.64863280e-02, 2.04562355e+04, 6.01296672e-01, 2.51791415e-02
1.2392347110354727, 1.11749903e-02, 1.64779465e+04, 5.51284690e-01, 2.42053351e-01
0.7330779200384554, 4.28121072e-03, 2.08573842e+04, 6.93171464e-01, 4.38077243e+00
1.621973323539749, 8.21970788e-03, 2.75109986e+04, 6.97022611e-01, 2.27213573e-01
2.048009431790431, 9.64903938e-03, 1.01376220e+04, 5.17860916e-01, 2.34550505e+00
1.4381721045047058, 4.70127172e-03, 5.36693556e+04, 6.25247453e-01, 8.18733636e-02
3.6040612623462125, 1.23337032e-02, 1.72970295e+04, 5.52840321e-01, 1.85256395e-01
1.1777602999266858, 8.14298430e-03, 2.10157245e+04, 5.72732750e-01, 2.37495436e-01
2.4881096924346613, 3.97977333e-03, 4.47480571e+04, 7.57931003e-01, 1.80187875e-01
0.4977919179495286, 7.01154730e-03, 2.38238177e+04, 6.00390003e-01, 3.06390732e-01
0.8298788812668294, 1.57579301e-02, 1.84934609e+04, 6.69071438e-01, 2.63206111e-01
1.2210989071140579, 1.30451820e-02, 1.88827496e+04, 5.38420508e-01, 1.88316253e-01
0.6489924685199404, 2.96939248e-03, 5.62370378e+04, 8.19516707e-01, 6.43186710e-01
2.129011608891711, 1.06980647e-02, 1.73311958e+04, 5.11289214e-01, 7.62457909e-01
0.5099106982266842, 2.99082275e-03, 3.55800439e+04, 7.12044605e-01, 1.08586473e+00
0.9067605293347678, 6.12673540e-03, 2.43861741e+04, 6.38385670e-01, 5.24691100e-01
2.1621686089302856, 6.09818371e-03, 3.73601675e+04, 6.15792641e-01, 2.52110309e-01
1.4077179600703709, 6.49122723e-03, 3.08708840e+04, 6.24480241e-01, 4.74195751e-01
1.215477930528865, 4.55172351e-03, 4.04141857e+04, 8.17014160e-01, 2.31425556e-01
0.42079675782260456, 9.75057555e-04, 2.07484943e+05, 1.04312378e+00, 1.16689330e-01
1.4629335724276158, 1.30143319e-02, 1.49391604e+04, 5.33258142e-01, 4.87190192e-01
1.19591130113264, 6.07610124e-03, 3.23743359e+04, 6.37447660e-01, 2.76405615e-01
1.5943379114740073, 1.45099132e-02, 3.08534818e+04, 6.71621496e-01, 4.06102519e-03
2.686988077001072, 7.99268274e-03, 2.21976344e+04, 5.41933051e-01, 6.63359851e-01
1.9340567048819732, 3.07452566e-03, 4.56568318e+04, 6.59934331e-01, 5.43280955e-01
1.708106267372784, 5.31794927e-03, 3.18943446e+04, 6.09302263e-01, 2.50356989e-01
0.5713715216714241, 4.49694540e-03, 5.31498527e+04, 8.02395566e-01, 1.31013993e-01
0.509914354705297, 6.17790211e-03, 4.59529443e+04, 7.12862186e-01, 1.80624709e-01
1.4655745481810016, 1.44177354e-02, 1.43565285e+04, 5.13274320e-01, 1.02851171e+00
0.12515808253853422, 2.20413910e-03, 6.50648182e+04, 8.47114521e-01, 8.56514858e-01
0.49573721247844055, 3.30612149e-03, 5.61157277e+04, 8.82783967e-01, 2.50744932e-01
2.3580561196511103, 1.35281002e-02, 1.22928645e+04, 4.73578250e-01, 2.63485441e-01
0.6099698612046006, 4.37796782e-03, 3.09861827e+04, 8.04859442e-01, 7.95116349e-01
0.14038039329864843, 2.26967841e-03, 1.40099692e+05, 9.86035926e-01, 3.61871777e-02
1.5961265661076587, 2.71220899e-02, 7.56024610e+03, 4.77766447e-01, 3.21830749e-01
0.33081560780653313, 1.07950802e-02, 1.38353614e+04, 5.64720368e-01, 3.98924526e-01
0.23634078125951952, 5.61817673e-03, 2.56632210e+04, 6.30977873e-01, 6.26180820e-01
2.5930024070305984, 4.41594209e-03, 3.42568367e+04, 6.88082585e-01, 4.97814877e-01
1.7310125339911726, 4.06982461e-03, 3.78105633e+04, 7.43724504e-01, 2.24535461e-01
2.1519186443668388, 1.62502487e-03, 9.20254783e+04, 8.51623940e-01, 5.81518917e-01
1.4442452320067076, 7.12063192e-03, 1.91321603e+04, 6.06879106e-01, 5.62454447e-01
0.2675354251961657, 2.99436935e-03, 5.96874421e+04, 6.85598213e-01, 3.27140843e-01
2.087606849871115, 1.22409246e-02, 1.36597875e+04, 4.97152956e-01, 3.68216047e-01
0.6015154035467161, 5.43025034e-03, 4.67539459e+04, 7.66744042e-01, 2.56520859e-01
2.6070525186975235, 5.22633955e-03, 3.08154568e+04, 6.25333260e-01, 3.63322549e-01
0.973604621542613, 2.06413641e-03, 9.98718251e+04, 9.59156857e-01, 1.78110818e-01
0.6055601108718095, 2.08661305e-03, 5.98911827e+04, 7.82969609e-01, 8.33886002e-01
1.1331770967952328, 6.62159476e-03, 2.42699361e+04, 6.13315875e-01, 5.22266952e-01
1.3966843025972229, 1.83935012e-03, 1.06356139e+05, 9.30568906e-01, 3.51908956e-01
0.4094135491729711, 9.73469387e-03, 2.03373149e+04, 6.40755901e-01, 2.52278521e-01
1.549360417994785, 3.41536262e-03, 3.80543383e+04, 7.05574247e-01, 1.06663063e+00
1.56879350214983, 4.33504838e-03, 2.19307946e+04, 6.85367823e-01, 3.10540350e+00
1.1007745189700138, 1.11742531e-02, 1.26870801e+04, 6.34844612e-01, 1.00537565e+00
1.6952341653439786, 4.55172351e-03, 4.04141857e+04, 8.17014160e-01, 2.31425556e-01