0.598431367163913	0.174690659	1.20065991	2123.89705	0.334627201	1.76207612619753	30.9017542954904
0.000609518524859	0.298101133	1.15423757	2241.64512	0.102244507	1.31298872421582	57.8942296996901
0.335241035504402	0.218396358	1.1929839	3019.61942	0.0922504659	1.32168341026251	55.2793615969229
0.659554076804314	0.343572772	1.06665441	1983.94466	0.102418424	1.30002616492673	63.903487384522
0.625375315695302	1.20100811	1.18444325	1865.80233	5.78243332E-06	0.717002143445874	189.18962390025
0.042169675728743	0.172835795	1.22337786	2517.58935	0.180743407	1.62711012423901	35.5678789863651
0.20986138112794	0.281295598	1.10609865	2932.14714	0.0973101645	1.18182151359869	74.5684015770465
0.078202245640005	0.379415718	1.03406657	1417.97518	0.0996737107	1.46330300955647	52.0277984642593
1.16777512715044	2.26082067	0.94901509	1306.79869	0.183786094	0.624437299327146	311.316176213902
0.347096238967972	0.401560706	1.09533799	1695.09777	0.100074799	1.30092799271302	62.1438006783847
2.21307059602077	2.06278975	0.955899438	1605.30457	0.34283603	0.589820735210618	346.417800972089
0.084448435980154	0.228350702	1.57125025	8809.14935	0.000297707196	0.756759841342998	128.023873860663
1.21075953393141	0.547580558	1.21709513	1432.81218	0.0989714061	1.21173484621397	64.4633335303541
0.698517622150426	0.0721690545	1.53714676	2212.34129	0.367783087	2.68611541596895	10.3869443884857
0.462187230958708	0.320232171	1.11516293	2153.85445	0.0987953637	1.29236617816107	61.8504675851726
0.485332114734751	0.178656709	1.24498921	4221.86196	0.102632612	1.23584657993415	60.5839759547707
0.299781025648281	0.581403459	1.1553496	3318.61088	0.102240351	0.772697073817471	167.001559069829
0.146321524364984	0.361891063	1.04003238	2518.91587	0.102233213	1.12416608556028	87.6485347313773
0.111913923421753	0.28026374	1.1823834	2978.49206	0.101466665	1.17474758150839	70.6000544574547
0.971431918422048	0.0656791276	2.345506	4081.56371	0.106987984	2.07299980786406	11.4292414394429
0.671710774646938	0.268858852	1.09900372	2328.03692	0.100345502	1.35665411938703	56.9527948208234
0.741627075110207	0.111935107	1.31086882	2210.2998	0.103392921	2.15783129799018	18.8737531048361
0.058166366104547	0.335729239	1.11082707	1824.04928	0.179789014	1.37155545830024	55.1288938856071
0.821344317450388	0.161829582	1.29868479	3888.10819	0.0962617494	1.35309445044476	48.4498569632495
1.20779989846163	0.566074033	1.21514617	1462.62182	0.102787763	1.17956967461577	68.136019586944
0.376164158773078	0.169941254	1.34322705	2767.75403	0.360785225	1.56499546842051	35.0168343186473
0.61196620774463	0.302574632	1.119391	2214.88898	0.100014352	1.31109451795365	59.8690911436983
0.511427102998685	0.596700696	1.21026252	3495.17968	0.000275279912	0.743212856849655	172.324277851805
1.07172371623438	0.318453856	1.43681399	2677.0562	0.104911862	1.16244988624825	59.333976113269
0.808453955480575	0.218708248	1.05517083	2904.97556	0.0960418548	1.34654979233251	60.2122516228409
0.330669265897408	0.11073103	1.23346078	4095.01889	0.357296441	1.59390933801865	36.7620654755765
0.120710586082435	0.3484136	1.16075815	1986.01926	0.102841191	1.29028890284554	59.6124283121283
0.408036305166759	0.614832581	1.09235335	3277.27554	0.102058048	0.756121042622717	184.4619031842
0.468088171192197	14.2232534	0.686442158	471.563697	0.0589889175	0.414435151180187	977.091788216163
0.461520782684054	1.64561427	1.07153314	2183.54025	2.1864288E-07	0.566215320580862	335.338671328389
0.622303921613328	0.215295171	1.15206052	3055.96367	0.0960329592	1.32322897349242	57.1093453408539
1.76368958237866	2.37501215	0.840792691	941.462401	0.0995880211	0.717780790651391	265.93768774129
0.846549704286771	0.163437608	1.4754469	6782.47203	0.0649817998	1.01942724212244	75.130525192747
0.753010074034025	0.0574973917	2.09782366	15354.1679	0.0983244667	1.14232327294205	42.0828796436525
0.2537527206599		0.401227797	1.0186167	1725.95042	0.102567235	1.28978278184065	67.9842854282504
1.10876732113449	4.04743234	0.812672972	844.023524	0.0577544544	0.580709813413627	420.357046986714
0.070994397771037	0.054150527	2.13118137	8893.61317	0.33373109	1.54662767779061	22.5975061000857
0.513221084133457	0.137303987	1.34170407	3640.88693	0.103219472	1.51803249943704	37.2592066226042
0.314332526504195	0.239346901	1.6697485	4534.6029	0.180099135	1.03025019278889	65.0003968490233
0.338129836029588	0.590042688	1.07728923	3229.33907	0.0954741587	0.777548879183886	176.874311212247
0.741655039560584	0.57510579	1.0484457	3127.51513	0.0804617503	0.800299710657087	171.554145300572
0.000919103667547	0.289220184	1.16578425	2300.17777	0.10224592	1.31592530847102	57.0652621076421
0.015006289400364	0.353483611	1.03196656	1930.75735	0.102788773	1.29920519873708	66.1349995723496
1.65218064826554	0.285309493	1.15956975	2325.78576	0.102214432	1.31759905583903	57.2254283118562
0.807973070295008	0.232900769	1.09387864	2292.38427	0.0931761136	1.46891636212898	48.8077963864898
0.220544638810023	0.164850928	1.25971483	6043.19595	0.0879761375	1.07534347244267	79.0834907010932
0.051589637479396	0.380679336	1.19706953	4042.66102	0.107908855	0.865192855486362	128.560411421272
2.06516193303792	0.218155788	1.34076174	2277.81988	0.359043293	1.52259072550308	37.0624829168727
0.082317028621365	0.0687672281	1.67514417	6837.13422	0.314246642	1.56530303478775	28.0674808101476
1.63516252506579	0.211449434	1.16188564	3050.9161	0.0933092456	1.33631192406594	55.5230618502598
2.08637576108709	0.474463819	1.14107338	1598.35963	0.117021846	1.23250144877212	66.4605648924372
0.214971801897419	0.220686923	1.19574189	4150.15575	0.360314828	1.12151669281752	76.5955521085121
0.225579826907268	0.468240878	1.39059622	5745.43783	0.000132611139	0.654379991875458	193.460101165356
1.2542140688507		6.01502753	0.736601127	319.039662	0.193638031	0.774791935343451	260.525307354287
0.121615747560275	0.0718924021	1.61669912	6321.45067	0.332381771	1.59212208100269	28.1106278713725
2.18094301466373	0.500122119	0.969758982	1151.1909	0.36430962	1.41453772477329	59.3689816715219
1.55185081086265	5.91769088	0.694294316	621.388408	0.0907613366	0.559717039357678	529.629067993021
0.46281730165874	1.71558131	1.01417426	1868.57095	0.0996819118	0.599467703104823	316.088223164818
0.756837962960929	0.364422566	1.09875558	3662.39303	0.180032812	0.929054378088287	121.470023905873
1.80739791173944	2.00851148	0.676948002	725.370617	0.227137071	0.889219751321058	215.21818621147
1.32235670268709	6.33690834	0.69339392	644.485729	0.0870812908	0.531105592245934	588.993770108495
1.74154436838152	0.212644306	1.36338573	2336.14094	0.359597702	1.52282444738378	36.436281968749
0.469743134480998	0.515411138	1.10575879	2052.91276	0.099652812	1.04343185884631	95.689413587779
0.325305559351902	0.182133505	1.32961834	4378.36366	0.0876477529	1.20191955639665	59.9756107125018
0.695263381840072	0.550770657	1.07333247	3207.3172	0.359588324	0.807550863020622	164.580523819558
1.1807238560541		11.0424426	0.837484127	1103.14154	0.310557499	0.307523313161834	1454.52035953938
1.65208972086058	0.281862212	1.16375349	2362.91208	0.0994009076	1.31517647025908	57.2299573194252
0.952623172032279	0.0891621365	1.90086258	4123.72954	0.369562644	1.77007194777591	19.3428257257062
0.398437195484564	0.283326202	1.00318613	1806.91347	0.101786427	1.50007920920665	51.0319984983984
0.988139186730126	0.0728847197	2.02536801	13540.3656	0.0703205004	1.08042046083723	48.7262436514696
0.72213915307543	0.142218699	1.40763533	4534.72263	0.0862183626	1.3365109605638		45.8160106541556
0.949027560192783	0.227614762	1.15083872	2356.97139	0.0931106773	1.46537531601977	46.6165651756711
0.319091938560771	0.127752386	1.30448131	4996.71891	0.0816983887	1.34338121168332	48.9346039709699
0.410649467052378	0.523585511	1.0025595	1788.22108	0.334758816	1.10923055573671	93.3896340269851
0.062283025594757	0.260279486	1.16772632	2004.78973	0.0996774341	1.48583934711643	44.685610962548
1.4460063817679		3.55252483	1.00428992	1549.48051	0.104060358	0.457472107185705	548.105469920087
1.90423496201549	0.893565313	0.973722937	1117.36579	0.102187896	1.07415116398252	102.538337543223
2.00024937917536	0.562989415	1.60046803	4954.77907	4.98804051E-05	0.642634411976911	174.29202694374
0.901812889424649	0.542782255	0.94311356	1171.35887	0.334409572	1.3460724441799		67.4142368256111
0.038657944956743	0.349697448	1.09173594	1500.28752	0.102481126	1.48181081359063	48.0561917756641
0.513527971267467	0.204503303	1.08888251	2334.58422	0.334845176	1.55335708735979	43.8458860103905
0.265867023087817	0.2095581	1.20073752	2117.20269	0.179967595	1.61136080244974	36.9503713876859
0.786303448875845	0.214950535	1.24889501	2546.15033	0.180341566	1.4508247425595		43.8224487440243
0.209578854085245	0.26212731	1.28006521	4898.88863	0.0515503592	0.947155577362091	100.317740732246
0.519424833074716	0.284040759	1.08603583	2307.0695	0.102458423	1.32588411784663	60.3388722309236
0.432523584514132	0.104464147	1.40580016	4491.62213	0.332042737	1.56689899459412	33.3769683492406
0.618319282421184	0.177009155	1.15773907	2074.30287	0.34192962	1.77130068667526	31.7144517056658
0.81727785474912	0.233540752	1.17013824	3556.93101	0.0908889316	1.17762544668194	70.9906158512963
0.414782292410791	0.775115658	1.40416323	4877.15739	5.57479268E-06	0.552026083781662	269.225185416614
1.0649973038247		1.80458277	1.03460771	1030.74806	0.102860639	0.786976154345582	179.785069385084
0.739902223604211	0.287930875	1.11012135	1799.7449	0.33445138	1.49099657300621	46.6797727864424
0.203067242365679	0.112408585	1.38988396	5716.32101	0.0793045253	1.33896182290837	46.2314534617603
0.45155576803264	0.854647381	1.04579918	2507.91957	0.000354965472	0.733121496968842	204.952053247847
0.458672453124353	0.180745083	1.09504775	2029.02829	0.334684586	1.77234776782672	33.4904926917934
0.928266983492222	0.108970425	1.88056246	9472.05516	0.0535077162	1.05645209323068	54.8864447931521
0.196794357320872	0.157751616	1.3090124	3952.35139	0.100396367	1.35928823035151	47.6305509995433
0.261098458085265	0.241456419	1.02732858	2663.58784	0.0962517623	1.33836123828929	62.6031820839974
0.504727999618896	0.0606431577	2.10279355	11511.0929	0.0697803871	1.28462703229153	33.197221003177
0.943337629424638	0.165772375	1.14090539	4544.784	0.335099485	1.2365552796703		66.0352421984789
0.345949669230373	0.245212562	1.10804757	2985.27253	0.0614281788	1.25447753881783	66.0645215213569
0.346810204388327	0.220813211	1.18194101	2333.51929	0.0981195574	1.49523004557649	43.595397993284
0.325573571069292	0.335550362	1.16922407	1984.88755	0.102632831	1.31516253872286	56.9633958982552
1.97441479392479	0.410386892	1.29329044	1867.46666	0.101945698	1.22603557127011	59.2584476624617
0.656137151177789	0.194370867	1.11709171	2437.2127	0.335061068	1.55942300717356	42.4068267020271
0.364707157346212	0.212101196	1.15524975	2430.60584	0.0954912339	1.49484929964769	44.6253639672793
0.788062799895528	0.15770532	1.2340535	4038.992	0.0819341792	1.3448274683588		51.6161192231488
0.176691139175854	1.47632204	0.877027028	2281.73798	0.340028247	0.584793857348897	384.090793308947
1.99805279597476	4.39542346	0.8273033	782.533677	0.088993781	0.578727820507643	415.756456202443
0.325530657876424	0.287767257	1.16332223	2323.95359	0.0989404786	1.3124773749105		57.4868882192342
1.26827186469006	0.564704972	1.21521012	1460.18756	0.102660204	1.18198267717836	67.8545349165252
0.43270346291591	0.552626137	0.977309501	2002.01826	0.102736417	1.02041424251448	113.205449869791
0.61272024763697	0.296086369	1.09022073	1725.86637	0.335049937	1.5014589026825		46.8717474187553
0.01746329135318	0.390525938	1.06445373	2208.72583	0.179920928	1.15566082699738	81.0335576113373
1.30907890482148	0.0427121724	2.06093816	9933.03218	0.387488101	1.64781893085657	20.5858376132406
1.39035782554422	0.104404301	3.24239594	10277.5493	0.100020662	1.03614911443943	33.0934398671724
0.355947374084344	0.199986456	1.16881249	3837.75425	0.100106707	1.22514464687228	65.6648417109607
0.386936765985118	0.28285071	1.09873379	2331.58769	0.102074396	1.32166602495074	60.0228407960185
0.482863497596107	0.282635784	1.0803092	2337.45336	0.101971687	1.32050846460854	61.1535996330527
0.824359069679701	0.0816599942	1.41222875	4863.03753	0.328044242	1.70320826764762	28.1197799219271
0.910124177953808	0.297663392	1.02883113	430.469382	0.173675557	2.99841949520848	12.4544225638141
0.620825427571622	0.165534755	1.20215358	4706.14839	0.0803067238	1.21604273068856	64.8029614263008
0.654709101777336	0.208245133	1.21499237	3202.4182	0.090525984	1.31431597574287	54.8882462513424
0.1587744406954		0.117073721	1.41115113	5271.6899	0.102523616	1.3662230267761		43.7356665370858
0.448061264038974	0.303470488	0.948864182	2155.17046	0.102268206	1.32717195283117	68.9277394622305
0.381268930644364	0.507968681	1.40594021	4914.87936	9.29202682E-05	0.679283929546463	177.575459327202
0.46805216557812	1.31879064	0.982162348	2366.52559	0.104649531	0.607550956574999	317.763331466304
1.14139301296201	0.122253475	1.21893951	4878.43758	0.103278863	1.38980943926406	48.9282644325468
0.345802803654871	0.181914184	1.28142813	3625.95586	0.0892379122	1.32154422650309	51.4748182944851
0.087154788892432	0.2719148	1.35131886	2473.85953	0.102249866	1.30864635048634	49.7794443073224
1.08308823331699	3.07237471	0.843442382	664.051524	0.350209407	0.751429532978703	241.891461943936
2.41366559225994	1.42068696	0.836090892	857.580425	0.0812221326	0.972388049436326	145.7202008306
0.461992417007578	0.177747682	1.21400627	2843.82248	0.0997844644	1.50963871602706	41.6375818091525
1.95375063178066	0.695072511	0.976748508	1108.92136	0.179867733	1.22253361242833	78.9129185131794
0.048386900641287	0.289726134	1.09083829	1727.13162	0.360674753	1.51729381059827	45.8725341564383
0.132769121858779	0.177155529	1.15263055	1073.59332	0.2903899	2.4610984316519		16.500776639615
0.011679157339266	0.680052069	1.46875243	4150.95727	4.66959943E-05	0.638823707626424	192.194887452482
0.102840765596958	0.28423014	1.12969805	2337.42761	0.099926263	1.3168068898721		58.8092877411062
0.508132561741989	0.860478096	1.43742835	4212.22488	2.29778469E-07	0.563768173920531	252.153593928089
1.26960786809011	0.567619509	1.21385898	1460.45675	0.102667147	1.17883557230073	68.293249628613
1.35394097820148	1.10145863	0.999529119	1113.69786	0.10225721	0.969077369930876	122.727001724252
0.306436275697184	0.661791764	1.41651942	4233.31314	4.2582729E-05	0.641247024921481	197.778564199634
0.598491763159181	0.362397899	1.05026073	1918.06038	0.104628006	1.28736668677878	66.183665828117
0.62768322599053	0.178840555	1.18417389	3570.1468	0.0897365798	1.34322942822628	53.9183510576706
0.895744179907275	0.175238987	1.18083204	3638.97209	0.0890914407	1.34406883193876	54.0034281905895
0.012770229871322	0.165936548	1.47345766	4022.78045	0.0860084327	1.31368744251467	45.303392106624
0.145270636516306	0.305195565	1.21485774	1948.46423	0.179787863	1.39184512193515	48.9491585703804
0.060665769618578	0.0807218538	1.4713522	5713.55003	0.332395281	1.58043871121521	31.3458837524181
2.60000078400484	0.351093034	1.65187684	4897.19107	0.101598926	0.818543207052872	104.085827055
0.194864767436315	0.298748033	1.17873279	2931.80473	0.107161057	1.14684887184433	74.3061450108295
0.742455279047089	0.0709017729	3.48175267	8925.25175	0.181673431	1.34923455306799	18.1752189954902
0.058130681288713	0.388411257	1.11095032	1822.78697	0.10221761	1.27559373548325	63.7284103091956
0.757500307778259	0.22427169	1.10165891	2898.12929	0.0957704772	1.33131287988713	58.9990556792937
0.439530592934287	0.667953796	1.61152029	5490.3819	2.23191007E-07	0.560469199906221	227.569051060145
1.90308897332521	2.76028587	1.01543527	640.169508	2.64229031E-05	0.807424115135206	174.019053655409
0.620409675046349	0.280680023	1.11807456	2365.45268	0.101842595	1.31723528445797	59.3820248112802
0.177786253212201	0.133994479	1.28546019	4138.02236	0.361039663	1.44140615028278	43.1341362830186
1.12848783248358	2.79897935	0.988287101	1223.90495	0.0965510488	0.579899249539108	346.628492666402
0.660991570892895	0.763126905	1.26070281	3360.98611	0.0967571589	0.670184683223675	203.446752678555
0.278066086025076	0.167236721	1.47297974	4023.88515	0.0831777028	1.30839124487809	45.6857171821381
0.34819944800798	0.546174624	1.09738407	2041.76924	0.102865406	1.01638243728802	101.620077914177
1.45360258670797	1.6548164	0.79223494	756.556304	0.102319927	0.959247562271439	158.02910426831
0.716991476779398	0.515729028	1.11825683	3303.95887	0.181396035	0.822239119252183	152.375326567608
1.74835772915312	2.74508092	0.722325877	710.930353	0.112953118	0.768307611312037	270.177410170391
1.91561831174865	3.21969454	1.00502168	1667.04165	0.102310074	0.463282268743517	534.054638349452
0.530776592309309	0.221951711	1.13719604	2883.4228	0.0988816148	1.3416610960522		56.2770711016907
0.267870237214468	0.0920217002	1.33776168	6838.48131	0.091849363	1.35301085490783	47.0404173135026
0.168393264308745	0.0766078876	1.25539606	4482.23885	0.365288069	1.83164792446764	27.3519139463568
0.389867098793082	0.237476644	1.06293795	1527.68225	0.362106913	1.78196541886458	34.1307650016983
0.244579022299021	0.157838578	1.16348021	4343.65778	0.0473988593	1.29625922154235	58.9263797889469
0.855251409138833	1.01477196	1.2032863	2789.78898	1.28307091E-06	0.6379054801832		235.272323072323
1.16654230415511	13.8301121	0.812840253	431.607997	0.197099676	0.439307530567678	734.361636217647
0.396398282242849	0.162528084	1.83619748	3950.26541	0.101876563	1.33951904831923	34.9651426587719
0.250736115883815	0.103883346	1.92847305	6109.33077	0.1033876	1.34727563313559	32.9098569569513
0.162150252358695	0.151035037	1.92051589	2254.87429	0.0491474851	1.83918839940936	17.7329968262069
0.720022067615206	0.18501611	1.38096521	5607.29749	0.0949248232	1.05376717921167	75.1242943486291
1.060176949725		0.158809964	1.30555509	3926.13695	0.0996964488	1.35926659426924	47.7582043426884
1.51561713765916	2.12213825	0.934932311	910.593899	0.103107348	0.772106191039054	206.689417035726
0.217335166984792	0.283318	1.08231297	2246.70743	0.101996785	1.34528994158191	58.8122542458989
0.296839665913489	0.420399303	1.09076679	2304.9695	0.329264557	1.09034178135923	88.8372821871721
0.338950813218499	0.243187753	1.1812294	2634.71249	0.100295558	1.34087648448718	54.24262300313
0.387785562575088	0.127293235	1.2521788	5298.80226	0.0697083888	1.30687701948108	53.8662434870093
0.314567982434626	0.15646635	1.4365668	3280.42902	0.100614991	1.49813324370506	35.7294039646104
0.041243645513248	0.184868722	1.21781119	3245.39697	0.334836897	1.38567252817567	49.2664540409234
1.81802928442557	1.25246189	0.886954965	935.638694	0.17765168	0.991493548161749	132.120778764046
0.563746043250036	0.12273161	1.35517681	1700.99935	0.29092314	2.34906995410472	15.4051034000835
0.282153348962925	0.332111288	1.07796157	2039.45671	0.102040249	1.30414888808317	62.8340205837155
0.378449953923939	0.469721403	1.10695571	1597.28766	0.102357805	1.23912322364661	67.7787009789025
0.532525751462406	0.157425276	1.26447369	4010.83633	0.0960244437	1.35073930582553	49.9343735844023
1.9838776667462		0.268961228	1.09560916	798.408117	0.276129914	2.31616197964399	19.6001307248552
0.537927945933334	0.285983175	1.02034048	1542.94258	0.180765066	1.61577586113273	43.2459190358783
0.309407239906472	0.193819469	1.13447009	2327.48204	0.352078399	1.59802794863719	39.7640569880372
0.21439996990609	0.274421461	1.08870305	2310.48133	0.102272967	1.34792575558454	58.2386227531762
0.174294415918062	0.164571651	1.29260398	3777.00822	0.10252703	1.36136556611775	48.0880832972502
0.516752017794117	0.307798798	1.11688872	2220.21928	0.100146748	1.29835915607793	61.1861158093194
0.700339032300629	0.206954785	0.963899077	2246.36132	0.360324794	1.57415936436881	48.2306950080124
0.106870566116273	0.130670234	1.27248352	3546.80339	0.334288339	1.57659210589213	36.4218177790855
1.13429033954636	0.465245345	1.05149076	3140.1873	0.180165801	0.887988711511257	138.941546547981
0.622709692289925	0.176447456	1.33910471	3579.11681	0.100142257	1.35061199590945	47.1603192144202
1.84211251183227	1.02176305	0.928897881	973.450829	0.0792721986	1.0762028387446		107.07701119883
0.337367246549281	0.107141487	1.89477009	7908.80067	0.180424391	1.16598265454957	44.721028088975
1.0160323134086		0.969343095	1.06763448	3223.42099	0.0635346785	0.607196087150364	292.665789412736
0.474672170841509	0.92620496	0.952919709	1018.62469	0.000573430825	1.10500842441004	99.0067926338233
0.633495044055073	0.200509002	1.22535474	3626.07288	0.0242096075	1.25875450397075	59.3346751446088
1.08673129444308	3.15149572	0.938503948	968.483992	0.0811137766	0.614358194454123	325.216869058553
0.054204359772171	0.377459428	1.20011986	3838.96517	0.100981277	0.891628650010333	120.742406277663
0.410577924479367	0.251222999	1.14122941	5215.17833	0.0439093621	0.93769577659913	114.803625712942
0.492632276794207	0.752133496	0.826222153	1121.6207	0.100577086	1.16857278163794	102.104318458884
0.421638928236743	0.200762694	1.10139522	2334.67937	0.360588251	1.56772942322206	42.5566146861817
0.077276286824757	0.0817212157	2.05191538	8301.37774	0.0798442815	1.30311799520162	33.0617279596451
0.457953894491289	0.11643693	1.41203209	5281.38324	0.103223041	1.3686960848975		43.5505719008874
0.300067730692124	0.203980271	1.16813674	2259.76211	0.360203493	1.58088688328822	39.4600111279209
1.26260806006146	0.895717193	1.36295963	1123.38708	0.102640435	1.06998101500829	73.8273606790589
0.282457363769862	0.400408846	0.946991779	1742.65795	0.102069357	1.28489704946731	73.6833913668247
0.234726476692766	0.249126077	1.05795017	2539.53936	0.0995468969	1.34939523050409	59.8010658804366
0.114880037341978	0.171703428	1.42487232	6261.47368	0.0835093364	1.03513853652446	75.4535322286123
2.32209883593869	0.360117151	1.09307296	1865.33184	0.165265832	1.30956266487479	61.4540851774787
1.68279700782639	0.3749434	1.50287669	1605.73444	0.334591033	1.3832686100147		40.0604743181356
1.13392217729414	0.0940507223	3.5784029	6548.79688	0.102923365	1.3676167516176		17.2121221106764
1.39514222091891	2.77918416	0.814521436	1067.1948	0.338558259	0.623226234316537	364.131716208678
1.24190113927026	0.939723889	1.30333304	3007.153	0.343988267	0.638481537170077	216.82052286329
0.895374531091292	0.118969167	1.2244087	3904.85368	0.332143115	1.5747319777492		37.9413499403005
0.339174631025696	0.24386425	1.18114377	2636.40163	0.099650675	1.33858632721503	54.4323326701141
0.75145983386386	0.117377803	1.30145753	2208.71681	0.09017806	2.10796421066931	19.9203063204812
0.390535273133221	0.115401453	1.2459258	1803.4026	0.120550202	2.35274172887003	16.7036656905233
0.382350943617449	0.272549281	1.5338491	2118.72356	0.101015021	1.41242882218058	37.6475484397885
0.550213138060252	0.104307742	1.94289443	9301.4257	0.0793376113	1.0896655149893		49.9363576922586
1.74897499448015	22.7102608	0.65723687	332.601783	0.215576254	0.390528642886609	1149.27716007092
1.20831255757518	5.0491109	0.681333575	671.770885	0.106425103	0.582784773018848	497.824534444255
1.32906623272082	1.61079472	0.63647162	126.52836443	0.18217714	2.37745438868195	32.0220438664775
0.910768853563749	0.216048484	1.69168544	3768.12055	0.100192557	1.18956515365691	48.1234107185285
0.36883234751394	0.214718624	1.18984199	2412.90812	0.0957075537	1.49114882073573	43.5432869002065
0.293807445468437	0.163699921	1.29478177	3795.78001	0.102592979	1.36160609714627	47.9902406851449
0.857356970229922	0.146363971	1.28148179	3221.76164	0.333882445	1.56301247571347	36.7972319954599
0.220249472085886	0.215087138	1.07447907	2195.78565	0.360463657	1.56179507106655	43.9548116204785
1.96830692564198	0.519237707	0.992435987	1167.76298	0.380084519	1.37836988581499	61.0967941506828
1.85429910848718	0.578281733	1.09371611	1456.00366	0.102167542	1.16970209911351	76.9834431495338
0.697073382617271	0.0527037941	2.11000922	6581.9672	0.393896539	1.82233175180573	16.4404326196145
0.436566817599419	0.123382131	1.18349165	4413.01305	0.360918831	1.45456287969897	46.0068268533884
0.526229267231731	0.33258865	1.18717934	4006.11609	0.09717053	0.929845432881593	112.231463033747
0.651305271972119	0.340593222	1.05171842	2048.12355	0.104054802	1.28507999643907	66.3273539459904
0.448440084529014	3.1211808	0.965491199	2706.088	0.015514874	0.369314040169254	874.807550546134
0.64932598671181	0.175460073	1.22375354	3547.61275	0.0955443486	1.36040739223772	50.8651760133606
0.718099795649754	0.0934347534	1.30604645	6739.22123	0.0864855881	1.3525930795058		48.2124869091061
0.705814058845373	0.0446601724	2.55101569	4383.04655	0.35985786	2.4259285208676		7.6733206827209
0.617423041408854	0.149466936	1.20517009	4709.10535	0.059814615	1.2793355567306		58.4030050036927
0.739150306623397	0.201723459	1.00721273	1781.83406	0.337628615	1.79025299171648	35.6863767942263
0.388843590918348	0.201886376	1.20737753	3129.99367	0.102339948	1.35020901648124	52.3368261573693
0.376350278581138	0.0809277119	1.41824933	6085.50523	0.103920234	1.52942888736676	34.7249248493834
0.370703624687506	0.295468034	1.12252229	2256.08512	0.0996685808	1.31459884914635	59.3842136482701
0.65967808871523	0.301423121	1.15731045	2222.57312	0.102309237	1.31132375777971	57.8872269304323
0.707054584989842	0.223978029	1.30648987	4891.44041	0.0885392151	1.02542794038446	83.8563855074324
0.106826887720367	0.185573186	1.38831659	5769.33233	0.0778974534	1.03730351470292	77.1173800905818
0.264742302947997	0.272604182	0.922190988	1792.86732	0.359561944	1.53527404181693	52.9980378861751
1.0661806054363		0.146207245	1.09365299	3107.41828	0.335728937	1.59236247480872	41.5421591616038
0.17151216269021	0.162185763	1.30501932	2193.37492	0.365724659	1.79954801465661	27.2589209595199
1.64372811969299	0.192012995	3.3392		4219.29558	0.0764335362	1.19245212907518	24.2620861615376
0.060360740850097	0.246390479	1.16451672	2326.37889	0.180032364	1.41766642661911	49.2219303680404
0.995031020376736	0.231522941	1.16895033	4882.43871	0.0759260132	1.00951046211402	96.7018478356943
0.641871144544865	0.201803707	1.1272708	4077.92573	0.3604481	1.18315600907252	73.0029136907193
0.913652413704845	0.0581860205	2.24761693	2068.87595	0.23186875	3.09349690730892	5.35587968002434
0.276118621467532	0.410854259	0.934734129	1940.2955	0.360139023	1.20212161088634	85.2840016386664
0.463025859520666	0.133637261	1.30001028	5424.64314	0.0524512652	1.26059874351429	55.7637475860606
0.666565356774007	0.577648602	1.02632249	3783.10325	0.366666418	0.726056268038163	212.925695858439
0.152583264492241	0.142034273	1.41459319	4742.63109	0.0798798504	1.30773573455273	47.6190726589987
1.86724294582209	1.1737475	0.997813593	1101.02889	0.0997717615	0.944146836060404	129.516165757954
0.824068601172565	0.878785671	0.820117717	1140.4679	0.0963979027	1.07211956895781	122.205242976779
2.26688092883953	0.822486205	0.991757005	1182.23447	0.100555074	1.08845409942487	98.0453415250126
1.68435596545498	3.17722467	0.795967642	949.569703	0.0801571064	0.617929390144572	379.035042011943
0.280873209759342	0.931533646	1.07465161	3116.8062	0.110720139	0.629900665381053	270.172195002007
0.171937548119912	0.236187772	1.21024912	2762.4467	0.0968126314	1.32877234619604	53.9108949190355
0.299436288330794	0.211929585	1.17580825	2089.18613	0.179971401	1.61302789791803	37.6558294703797
2.08065671424993	0.524699067	0.974860698	1299.08742	0.102558826	1.30002560144015	69.9207546907832
0.395420853115893	0.330744483	1.03905282	1996.02018	0.106100767	1.32098373828165	63.5360060417012
0.620072067394217	0.117685916	1.2674334	5476.16564	0.0827073295	1.33698244713529	50.8482394034374
0.520042999579555	0.226836461	1.15182868	2970.70133	0.0833725616	1.3074958308057		58.5037851623206
0.591997567694548	0.173941741	1.34029046	3592.5625	0.0936469799	1.35775736439133	46.6239665617938
0.195568159087127	0.288790742	1.08907698	2290.31853	0.100016937	1.31973478213724	60.7324183543985
0.408074024623932	0.351549153	0.984333922	1930.15331	0.102104562	1.30297867701149	68.9343063492072
0.424869784996919	0.129447606	1.43895013	4297.03394	0.0794139934	1.43911280025612	38.6560134946266
0.94082464502703	0.0679074527	2.17868729	10513.4288	0.0730661592	1.27026792108757	32.7692814029689
0.473061807689919	0.165047334	1.29379899	3786.43975	0.100322694	1.3577082513563		48.3028500500782
0.606565416804702	0.246963625	1.07122599	1981.69336	0.36017725	1.53423369605542	45.6865479733207
0.14331254843411	0.132486537	1.85299598	4861.42249	0.102193248	1.33739188117877	34.758468855071
0.764265269455907	0.311317717	0.994761388	1753.66515	0.101835173	1.45261654148705	54.8822096903165
1.15403985178589	2.10374518	0.941521985	943.903555	0.100387406	0.76166826613545	210.906658139917
1.86759143936134	0.681339525	1.14025698	1221.75483	0.102246065	1.17639295642427	73.0037061942524
0.046069553711145	0.207512853	1.18523794	2681.9853	0.180276312	1.4387175532203		46.9565141752939
0.001702394899111	0.566464116	1.16795132	3521.26798	0.104630687	0.759959588529355	170.783826289079
1.02221901127756	0.201404468	1.17811374	4739.79952	0.18006971	1.09852944644045	81.0292562034168
0.476334705460528	0.332524403	1.08875549	2024.53502	0.0952478467	1.30813278892438	61.8327351789604
0.317664985572623	1.16641775	1.07517328	3267.10887	0.11101249	0.549816002887865	354.437172876026
0.299103673855603	0.199033884	1.70197702	3339.99732	0.0968879112	1.31640544918452	39.058849287471
1.32301140674554	2.51268701	0.833085613	720.982955	0.0831046144	0.79743362333532	217.4571829342
2.61984387882738	20.0968505	0.809367489	604.169048	0.0724388889	0.308022897949564	1500.17083703041
0.792714751855642	0.0968331058	1.25155966	4704.45375	0.332836836	1.59022913909382	36.3983341956672
0.645727792370268	0.0813355037	1.61037677	5615.5518	0.373232173	1.58814422764084	28.3625386751227
0.502876937481142	0.183364739	1.0844527	2501.9077	0.360916572	1.58464755674416	42.3035188544959
0.326133196349479	0.555633515	1.14779597	3279.1064	0.180016731	0.7951595297421		158.737394337688
1.74608764791834	0.528972611	0.801536851	503.436465	0.0897074912	2.07987536996506	33.2241868894011
0.789796898712304	1.97516268	0.633082433	126.239135	0.103457213	2.14945223619035	39.38552314995
0.532637905062202	0.205650536	1.16944282	3142.81903	0.0913537235	1.33506259901488	55.2675519501244
0.407009732483568	0.0930553798	1.6189546	6666.70337	0.10054462	1.36269897912893	38.3193336063463
0.67433451131571	0.0917954606	1.39345265	6567.1235	0.103108657	1.38238191993983	43.2617589481483
1.10236699398959	0.308133269	1.07191074	1731.30338	0.097701411	1.46950258842585	49.7683389299886
0.735632310358896	1.12006173	1.05935955	1844.77819	9.32396806E-06	0.746677702471634	195.048550886965
0.369767992452735	0.568082605	1.33110196	6794.26951	0.120016498	0.546322527460359	289.963236348392
0.702986740096538	0.238485266	1.13333561	2809.04789	0.0874938053	1.31134175950809	59.1101636039998
0.767708360683902	0.122300603	1.12999418	2098.95825	0.0866894871	2.11841010938727	22.7172727249644
0.31124701614673	0.162267347	1.35899017	2882.49423	0.360767586	1.56937398214179	34.4178127090432
1.40185428659989	0.145969126	1.7129578	3281.70384	0.338026293	1.55076518733248	27.9649295105603
0.051659348231766	0.403788565	1.10380201	1765.93295	0.102654636	1.27104851215788	64.6006734275395
0.061283095557958	0.291624145	1.16575241	2299.93365	0.098973627	1.31055981291936	57.5350459055006
0.574093030911609	0.0683210865	1.59609013	8010.12485	0.334325521	1.45087238527917	34.2875644969153
1.47139893531969	0.98131913	1.22466058	1919.28337	0.102610317	0.782080678794328	153.791958166227
2.55272396955618	0.290857509	1.10004871	1796.63115	0.359293804	1.48476129157014	47.5036838033113
1.77573377824626	0.567237454	1.21382563	1461.97599	0.102339167	1.17861962959635	68.320153890368
0.517438781332922	0.127317962	1.21571266	1725.57389	0.114049936	2.28988999761451	18.0714208368293
1.42560547786187	1.0088095	0.748243958	610.62913	0.101829844	1.36751751883899	82.3272223897777
1.50882753908813	13.9601456	0.772748386	538.527663	0.348338494	0.391450865043301	972.881305391395
0.300166641151548	0.461579716	1.15752472	2196.93577	0.0154129345	1.06584536696622	87.6059898562548
1.3651159375569		0.923299026	0.853559167	658.816464	0.10655832	1.37617235373771	71.2644914425673
0.128584075524609	0.191344835	1.2976582	1950.76855	0.359174651	1.75677035809033	28.764853974871
1.17721567891589E-05	0.286611107	1.16399668	2326.26869	0.100095426	1.3144673209789		57.2797548202921
0.976883187023613	0.509864452	0.99129329	1460.09903	0.102339001	1.24396372575908	75.099125486533
0.391460763653356	0.377265256	1.09292516	1854.49353	0.102674327	1.28318765503917	64.0149940683764
0.371468448201095	0.0755767414	2.11787889	10806.1702	0.072568934	1.18767128499262	38.5619373509024
0.276709676444906	0.0667066889	1.65951397	2704.60515	0.343030655	2.52690905739971	10.8715718939316
0.522754065467459	0.18512951	1.08616275	1982.99477	0.334642292	1.77144482242897	33.7988805179208
0.326173386789663	0.375901333	1.20477199	3915.15231	0.107606041	0.884738600577822	122.156805141779
0.513725180514352	0.281693769	1.08741816	2334.79553	0.101472781	1.32346723100172	60.4824691073812
0.178776785746362	0.39536304	1.19019834	2412.46122	0.1022499	1.09900086794497	80.1377358517664
1.56601666001383	0.312928368	1.45625302	4382.52309	0.359343341	0.91651940712066	94.1742801176143
0.40220787063974	0.0911752357	1.31949801	3762.85033	0.368981331	1.83243812958167	26.0007035358525
0.34445294566829	0.0999497853	1.44773064	9120.77016	0.0883431703	1.1241377982312		62.9688281835803
0.321074558598947	0.171860078	1.10770991	3721.2798	0.0848835571	1.3421237898005		57.7352816756712
0.077579300940351	0.0967598812	1.44933774	7319.00652	0.0556366095	1.2754179042202		48.8627448131741
0.343262529397209	0.443367607	0.895068277	1277.35811	0.360239316	1.42622460573891	63.2732969166265
1.74278933062692	2.65012577	0.853798221	910.280186	0.180483688	0.691043604723617	282.544156160638
0.600942620567911	0.0649581337	2.06619124	14322.7747	0.0886048598	1.11274561090315	45.0287802941986
0.297684666219		0.198565732	1.07821626	1316.984	0.0913548544	2.09886178207034	24.253751468401
1.61809698490005	0.269980791	1.22397455	753.536318	0.286223824	2.37962055932797	16.6212876877928
0.740551089027562	0.211631637	0.972694487	2268.24687	0.333975866	1.54914041329815	49.3508295393707
0.388613091289207	0.236000343	1.04221784	2749.28981	0.0960424402	1.33247681557372	62.2550596683708
0.610522880738851	0.209007753	1.18310378	2667.68153	0.180211047	1.43740135677613	47.1274060425115
0.197333777483472	1.4264662	0.943236066	1036.49165	6.35871671E-05	0.882698915271828	156.749763776233
1.03637036490003	0.36751735	0.995892602	2460.42189	0.0938718158	1.12871039629718	90.7977156451245
0.389344624222574	0.102549813	1.40642079	4560.19279	0.332051856	1.56952125470431	33.250853598264
0.451347437276477	0.0800774252	1.37664251	2242.55818	0.314820021	2.53279085717941	13.0446563731058
0.675964111181963	0.694006504	1.49289086	5326.79508	1.98904491E-07	0.558227817412547	247.628981464539
0.638139885151888	0.1101098	1.83723782	6010.89549	0.180999477	1.31930030887095	36.0246503212525
1.35335245844358	0.492536542	0.696887354	368.805983	0.3039078	2.51830328586091	26.0659663994607
0.566608043022588	0.568365294	1.14017691	3408.65342	0.341057762	0.771118355670701	169.917517729982
2.2522865379674		0.492802133	1.07822662	2220.70575	0.102134162	1.02599310348328	101.497079562492
0.441065678815912	0.201089286	1.05729364	3022.86821	0.0975633213	1.37664565007088	57.4926763033397
0.168720629648859	0.158809934	1.26760587	4050.42896	0.0889193767	1.33824890637084	50.7451386138886
0.325536315030407	0.285032641	1.16632934	2338.08158	0.100000734	1.31476795647451	57.1390553907229
0.204765081679276	0.407249933	1.10753034	3678.45854	0.103209622	0.876925695851521	135.260582925275
1.17968685587663	0.106680794	2.80459033	4824.03607	0.364652202	1.4961593350661		18.3496317707207
0.224584839470902	0.130631919	1.31075896	3957.00853	0.0867156199	1.49285660149724	39.4360544957304
0.269651781157339	0.218519939	1.43487531	1990.64963	0.0172198405	1.6273587016833		30.3159886218944
0.618494611045926	0.211406042	1.18473679	2571.08547	0.180200074	1.45582537505507	45.8787983494975
0.215152229681316	0.0969749227	1.30647921	6766.88659	0.0735458741	1.32495787118819	50.2279943654761
0.903562896633045	1.57851585	0.914359414	551.83217	0.10228791	1.1500011075478		95.266239243302
0.265460538837049	0.0825469778	1.37768896	5397.82473	0.335689706	1.60792675401195	32.3421418834336
0.065049878972407	0.232065956	1.176801	2042.20167	0.359926742	1.55909008228808	40.2723555548769
0.96107545907483	0.0412876793	2.35534253	3366.60016	0.191692595	2.87885793067247	5.9014392160366
0.473284088613389	13.6136449	0.687260419	464.27021	0.0284157689	0.426926999842355	919.652813090118
1.79247084880463	0.580142962	1.09364685	1458.16939	0.102177948	1.16695668686127	77.3509939714391
0.430245012148561	0.184742394	1.19417147	3013.26636	0.179730825	1.43854745947157	46.6162569690319
0.454318311290513	0.100950791	2.11601565	2329.83223	0.118940257	2.21314083773703	11.1151543948077
0.343222002743978	0.0735088211	1.74261994	9256.65907	0.0711962803	1.3011560228231		39.0473034275232
0.567372171319739	1.25569489	1.0256281	2803.76488	0.111595682	0.572022853830265	343.269966236052
0.793980031033146	0.197084353	1.20613749	3191.46232	0.100569762	1.35333497572081	52.1488878072332
1.6429910528497		0.296147982	1.61700883	4690.22839	0.0905577997	0.910698990483514	85.8994488494914
0.962993328004805	0.2355366	1.15658565	2193.22049	0.0980189093	1.49333034915398	44.6645431978975
0.408416186863623	0.225342281	1.13924231	2103.7034	0.36127531	1.55887984515888	41.6112813351758
1.89941131252317	0.158806847	2.74297573	4731.36951	0.07894967	1.2382210832857		27.3926548331157
0.151313802681396	1.16696248	1.32142087	2799.12178	4.69712803E-07	0.593863859385887	247.193772125819
0.47557116175843	0.189618797	1.02576304	2661.23124	0.0945867278	1.51092963557016	49.1945455811723
1.06501290279918	1.98068979	1.03492359	1029.27507	0.0753924471	0.751713381180963	196.987936302673
0.61862070026445	0.0733646571	1.5014059	5975.41705	0.341510351	1.62105848061249	29.19826163616
0.658724360166406	0.206610975	1.19868346	2142.92228	0.180024915	1.61304445231333	36.9364620764871
0.76842975498092	0.177340654	1.21850388	2831.12919	0.102749885	1.51475447052874	41.2041611318538
0.437324193136277	0.252673652	1.17338254	2576.16125	0.100079787	1.33033108513581	55.4744977864069
1.10241606832597	0.0500917888	3.54600742	12328.1873	0.184661902	1.36581965178839	17.4151061003263
0.471406765548508	0.168608661	1.29407714	3750.89796	0.0865217732	1.34964228031306	48.8714206467809
1.69180517417325	2.54865229	0.912494744	1467.9346	0.146190856	0.554903662643638	410.002896395887
1.33759789459765	1.36270699	0.945014966	950.784796	0.102135815	0.942939618841038	137.102705682962
0.652095673595549	0.431482663	1.01463057	1503.00837	0.132808439	1.33279656505117	63.9170623450552
0.363834666995295	0.0551413396	2.44238717	12334.1456	0.0907963395	1.30146666202316	27.8465805732776
1.76354944078308	1.5731039	0.872993694	860.739117	0.0585065425	0.922384009768235	155.102158370832
0.610361817225719	0.252475361	1.18423398	2648.36288	0.0789122036	1.3125866794248		56.4623533422846
0.063407423012323	0.376625867	1.27352605	2509.81349	0.100018559	1.10395264077583	74.2238984180611
0.058557761601807	0.387123871	1.11159204	1824.81313	0.102360971	1.27700343383551	63.5510778520172
2.2154578321134		0.554898665	0.899167397	1287.29266	0.102392548	1.26993283719998	79.442046150868
0.421567667954299	0.0917933241	1.64063523	1078.51882	0.519978581	3.4111972037386		6.03429853156387
0.862161563250874	0.13857557	1.85394048	4899.51463	0.0824630158	1.30258590157654	36.6221591199945
0.200364508124113	0.310008288	1.21888871	3569.12452	0.360278903	1.0203724806193		90.7759808607975
0.214666820573039	0.157418966	1.06631693	2897.07025	0.333310591	1.58934506827685	42.7690670900594
0.557544916718567	0.0633787696	3.39196703	10066.4349	0.337028	1.34374386054727	18.8090937375797
0.522208966716603	0.296650714	1.0832623	2573.64802	0.180078252	1.22836933156581	70.4791925942301
1.38826919771635	1.08709147	1.28332828	3054.13749	0.111698403	0.5890455826692		258.712199000727
1.78200834697293	1.78241101	1.0134577	2237.10931	0.351211057	0.537500297391592	393.449895808923
2.08691921088306	2.97103512	1.1451502	1184.12864	2.82823493E-07	0.572233006149143	307.216273990769
2.10869070028892	0.410536313	1.03916046	1416.12561	0.334896046	1.4076658096301		55.9462189962728
0.494144042210616	0.158182259	1.30340628	3917.34371	0.102625952	1.36348860756203	47.5411455994551
1.48862427438609	0.43002329	1.20514782	1431.63426	0.334355803	1.36793105587422	51.0838640990875
0.344969678684727	0.202244206	1.23560972	1848.39802	0.0272143505	1.75545801892325	30.2545200054652
0.428632008833358	0.106991546	1.48603313	6054.63501	0.0800650763	1.33354453557733	43.5922152143153
0.299088636442258	0.209561536	1.77564408	3316.96577	0.0900874633	1.28735984371145	39.1468340671416
0.450183624350233	0.169012792	1.28947212	2856.85443	0.333627816	1.54462263834913	37.4451634946453
0.242344470986831	0.116274661	1.31154636	5599.68752	0.0819755735	1.33015362453696	49.6438241110997
0.326325405199095	0.299054049	1.17146634	2248.38409	0.0997008995	1.30892916438802	57.3971562701221
0.622906820649479	0.60276937	0.937499688	2795.38022	0.359869992	0.826856620327712	179.730147720312
0.380513723814304	0.403506524	1.1447643	3207.04603	0.104685705	0.943514029907952	113.041959456047
0.959580076374256	1.82004429	0.995256868	1084.39641	1.34972938E-05	0.763996247965904	198.305538758362
0.774116867789561	0.7983446	1.06484562	2925.49022	0.179912389	0.702314634629205	219.332199487266
0.793900223616579	5.50744976	0.757599724	624.849654	0.17562504	0.57857971157046	454.240935937614
0.067553021913189	0.282788141	1.18691099	1866.45246	0.100169178	1.47736285951725	44.4692673566261
0.259876451445912	0.124042612	1.89548612	7814.88017	0.102674495	1.09013335146294	51.1414005370719
0.35469067988997	0.0794704997	1.56428972	6835.27907	0.179955428	1.45628086252858	34.7252197810167
2.57954240806453	0.438584911	1.02779525	959.668494	0.333580593	1.6543933582187		40.9513588460828
0.384948729341071	1.34253504	0.995799999	1383.99832	1.71998229E-05	0.787400422155908	186.590303451199
0.000518075350799	0.653393142	1.15423968	3311.26201	0.070442487	0.72969636092447	187.444248035134
0.609008144771629	0.19084051	1.22634122	1459.40773	0.0931136185	2.03377373408328	22.7109805125153
1.15553756275954	1.8930708	0.789323534	690.450661	0.136020014	0.938807361399128	165.59394581282
1.93572848897199	1.16911007	1.06282522	1193.62877	0.0152532434	0.908581521263432	131.299426151057
2.77873124151493	1.30273948	1.11826304	1894.74046	0.000220796904	0.683160248142409	220.731000963366
0.825305896664872	0.023630245	5.3152018	34434.7318	0.101884707	1.18985427397213	15.3089417779639
1.00435480946598	0.162588138	1.2268348	4055.48467	0.0844021883	1.32178381218306	53.7459241605182
0.12848944865995	0.274315327	1.13916865	1916.26345	0.329490233	1.48038131372448	46.1442153367632
0.350760626273568	0.237883008	1.06197797	2628.62843	0.0984431764	1.35731274929559	58.8812626539435
0.24855488404608	0.173511761	1.27600216	3614.33734	0.100327387	1.35533744947073	49.1480388020233
0.864147049004084	0.149343483	1.20329679	3083.91645	0.33589094	1.58154589728195	38.2750812394335
0.070460304634438	0.359992016	1.47081467	5685.26292	0.000123664567	0.750247450279149	139.15072386794
0.916274919529603	0.116941403	1.94919697	8468.40069	0.0803348268	1.07855274910098	50.8058791952036
0.145889763998388	0.132118709	1.43384152	4808.68301	0.101700042	1.34657641707325	44.3087316422134
0.183801481943396	0.173274365	1.29380035	3727.83202	0.088604521	1.33546009199824	49.9256107089604
0.103829617924943	0.295860471	1.28322459	4025.05465	0.334681293	0.983550982869154	92.8017257329631
0.213034030660461	0.280725077	1.08643784	2339.93144	0.101892685	1.32429295395534	60.461575387389
0.410478952558498	0.180749486	1.18294729	3624.78643	0.0807697268	1.32600906303642	55.3852474764345
0.255077770007126	0.0936155788	1.28624778	2589.20498	0.105242351	2.18006257429653	18.8447301214811
0.612792547857792	0.163932325	1.17524426	3953.78209	0.0892116752	1.333176272039		55.1504663853503
0.202172767659453	0.136372532	1.85204619	4896.04593	0.0884816088	1.31353015032293	36.0512704201181
0.845013840056659	0.183225737	1.2268322	4089.87783	0.100423278	1.23987480020295	61.0817746421809
0.594897835965717	0.0220280466	303.595165	2129111.35	2.47496708E-05	0.156725281551767	15.4482578911917
0.421129620790717	0.204217362	1.1173371	1749.34151	0.363445747	1.79573649025002	31.972974710076
0.463590647963299	0.0732395996	2.13858047	9597.2381	0.0669689777	1.28020678367407	32.8674971818977
0.50656727006527	0.205577031	1.17103719	3149.12587	0.0896280221	1.33396346431822	55.283295195765
0.192429317942379	0.334080672	1.08975128	2600.01995	0.102365401	1.15162802275503	79.7077670887807
1.7254216469547		2.30872222	0.861744105	882.500006	0.0918871777	0.751939743052644	236.432992251491
0.098856229827145	0.287978383	1.05588316	1729.94209	0.360712012	1.52065436347049	47.1819179085914
1.27489470186815	1.90584894	0.94014975	1006.55866	0.103484285	0.774929969844574	204.047148362143
0.330808120232776	0.147883965	1.34023548	2089.13475	0.0535164838	1.93100087216737	23.0518841546624
0.98635191326527	0.1966162	1.17544429	3148.62245	0.100133614	1.36413168524884	52.6669095779682
1.19313299143633	0.580891092	1.201847	1376.16486	0.0998503419	1.20044882045117	66.5144488689016
1.70379176412557	0.244501288	1.46085525	2840.72683	0.0986329523	1.28786673985959	47.5448453083327
0.106560020692909	0.258587613	1.27343232	4705.75159	0.0868317553	0.972988891703348	95.5566347671351
1.67132200419404	1.49765239	1.45828545	2821.03515	4.21618149E-06	0.522175485081024	289.71900080821
0.598531090212862	0.158442887	1.22179893	4000.35371	0.0887147482	1.34815761573528	51.8765874867447
1.6690823145742		0.144056739	3.29454195	3970.3541	0.33282387	1.41920400827333	17.3607218545595
0.061038497998062	0.302370852	1.15882474	2575.70868	0.180024755	1.21620814327222	67.2076804362492
0.044418325147426	0.402364774	1.0956203	1691.76392	0.106563606	1.30090739989823	62.1297549280672
0.392937635606238	0.100865316	2.11690023	2332.02215	0.11893918	2.2130385401824		11.1115369418591
0.886447140887798	0.289939262	1.15912832	4033.69139	0.0942926352	0.992479147822627	100.896983066754
0.348992040742633	0.266714845	1.20113758	3084.59898	0.102289401	1.18332295646487	68.494096974125
0.632942878732643	0.852068925	1.06119169	2881.91855	0.0968303707	0.684932895788276	231.399591984749
1.3985781716281		0.147198056	3.1920477	4831.01482	0.359406956	1.27278783987435	22.277736952715
0.148636880178441	0.172403176	1.27834257	3225.75815	0.179704986	1.43925486746807	43.5040624570521
0.424659351413353	0.331802357	1.17533175	2078.42322	0.0996160639	1.29246714902234	58.6749845938842
0.181760234875343	0.122845454	1.29979753	3702.69693	0.336296187	1.59143026027821	34.9946414646792
0.289375541959768	0.272748535	0.98693241	2999.28054	0.0958134718	1.18668781057186	82.888084842508
0.278618385849377	0.413306305	1.01166378	1719.20487	0.102981524	1.27328730166044	70.2365970201785
1.73457070343685	3.37002333	1.00562908	839.367108	1.29164141E-06	0.638166220758446	281.285296204305
0.522059175030885	0.447740641	1.18981067	4092.44182	0.00174472452	0.792906036496511	154.003705794806
2.16160914815878	0.311813225	1.52439541	2382.45029	0.106711154	1.24528010608141	48.7327305929821
0.709994571161292	0.23953349	1.12712815	3362.28847	0.0968701574	1.1959847246297		71.4542256446936
2.52458349215279	0.429370806	1.11634891	2223.5877	0.180682501	1.09845647160038	85.5237672029157
0.202526208778224	0.178708855	1.18141306	3614.26742	0.0893855613	1.33549744642947	54.671952948616
2.49725589929615	3.91893289	0.702399618	455.845585	0.146379695	0.803033105859659	254.332179294806
0.775224287962446	0.0519725784	1.76350042	4480.07822	0.274278286	2.22431509790652	13.2033547532176
0.13160005423998	0.297822283	0.973446314	1693.13812	0.360108432	1.51147668161355	51.8009317083641
0.299238794110218	0.294658335	1.16007777	2616.55804	0.180044071	1.22236720028447	66.4602542549594
0.671372147903888	0.222244188	1.19130983	2931.30205	0.0929282474	1.32978291083541	54.6847534939744
0.442043044645394	0.299492224	1.06538487	2925.59899	0.0846324874	1.14663730047964	82.2420303422606
0.436888007843117	0.187453711	1.21373215	5525.77808	0.0876332135	1.05458720689084	85.3423555813739
0.95430402669543	0.349474359	1.12555242	3223.78429	0.377257933	1.01119658387969	100.095733284641
0.848941771863396	0.36074708	1.18610737	3516.18339	0.142820643	0.952991590466241	106.942501393192
1.90044309574645	2.24789334	1.05863162	1792.83226	0.33541039	0.534648755337408	380.689148222415
2.54102535259866	0.279460682	1.48735985	1903.41155	0.35982961	1.47163304806458	35.7632814876425
0.001155923957976	0.216287361	1.15723865	2218.5425	0.360030336	1.54944723848923	41.4644552868453
0.320054925101655	0.268383768	1.35861879	2507.01684	0.102141413	1.30848723732333	49.5240188720379
0.737615963029551	0.167902418	1.07127341	2976.81714	0.0898107612	1.51817447528811	46.6561375540764
0.407421706809436	0.272467466	1.13295914	2105.34336	0.17969486	1.41712267037083	50.6317968677251
0.101905725306219	0.239583205	0.924094254	2014.86711	0.334690505	1.54480921193924	52.2379960456812
0.672097338370625	0.0910867527	1.54595601	7676.88659	0.0610818739	1.28353012845946	45.2317314209527
0.942439145144889	0.281171615	1.09445994	2305.6587	0.100233601	1.33303941787386	59.2333950859636
0.290254837801528	0.0885897228	1.24787097	4611.70083	0.185693146	1.6792061074656		32.7397069078568
2.50266898870908	0.805234668	0.903620501	1054.2475	0.334612844	1.16491360502844	93.9461460549942
2.10792404831943	0.547855309	0.9581714	1258.24442	0.114802102	1.29273883542002	71.9428575635451
1.07492103458687	0.170781806	1.15965679	3366.82869	0.36131569	1.41545129130335	49.5830394931602
2.31516632884617	0.302694636	1.57723771	2152.4013	0.10375627	1.32972628678637	41.3076813912487
0.125987247126212	0.270513492	1.27212746	2694.74784	0.0602121154	1.2571083410191		57.302878145391
1.81616857839894	0.526053737	0.799106464	348.109009	0.325012791	2.50815027207853	22.916101085101
0.558678140258831	0.202100168	1.20362376	3351.23823	0.0748327536	1.30418815477565	56.2705582757043
0.111177783525448	0.183066537	1.17708333	2585.66145	0.335215485	1.56004069040413	40.2136429462389
0.596983758868301	0.136388757	1.3426279	1999.40683	0.0796868157	2.0553527488933		20.3106618208225
2.61547233775205	1.34267679	1.10415488	3108.01222	0.106612099	0.525410974556005	377.941169886454
0.573201509952759	0.400939366	1.0959884	1694.25918	0.108620194	1.30225779641979	61.9801451793541
0.997087351658373	0.235878885	1.09771094	2346.88039	0.180726397	1.44256778154837	50.4303555197842
0.372601243985535	0.0713943251	2.22897114	2850.73232	0.329796974	2.37911904476039	9.1309441551207
1.70065341982537	1.92823221	1.00098516	2140.7104	0.350476976	0.528284189677524	412.372421741196
0.948784965344469	0.0302239088	4.09953971	21018.436	0.36617864	1.34663756821348	15.4958687491927
0.140312097615891	0.0826273126	1.60637111	5583.69646	0.357480361	1.58016895463326	28.720999150933
0.342812126076705	0.288748882	0.948032415	1754.49443	0.334313625	1.50796092127057	53.437867431751
2.52969851594239	0.445723278	1.03417444	1408.80009	0.328501326	1.35446845916944	60.7184793854985
0.200833600593416	0.399567811	1.10507102	1745.07754	0.104993714	1.28535658806521	63.0979186010203
0.490923703042342	0.112950506	1.39341889	6640.66578	0.0925286574	1.23929968012556	53.8292228855807
0.043626084682009	0.339450994	1.12666579	2614.05961	0.0996777182	1.13940980859231	78.7585050389923
1.23586267165874	0.126758266	1.75618706	5121.77738	0.0871372586	1.33207214196964	36.9680220469694
1.45662655435269	5.81426312	0.768110236	728.527133	0.064875082	0.521502065921689	551.463610663461
0.822590854260348	0.117734836	1.29460307	5284.83826	0.0996176192	1.36068594151107	48.0618021265487
0.398804865113819	0.0837366271	1.39417904	5345.19784	0.408948062	1.60430381273948	32.1041147128281
0.701482893130371	0.405711195	1.23941051	3175.52529	0.000143375517	0.945605426565253	103.948300402796
2.2490783498372		0.270160567	1.13053104	2419.38625	0.100260707	1.32758597557111	57.8155519809526
0.599985931782651	0.200810024	1.27286368	2669.88193	0.180904953	1.46584320280919	42.120697044358
0.018154871006552	0.912652687	1.0701631	3082.45385	0.0877810957	0.639919257095105	262.876732411723
0.601538483834291	0.122458839	1.85749133	5348.19096	0.0871736464	1.32625708789489	35.2590208704713
0.357261237587937	0.0677240805	1.56748948	6713.04667	0.354672645	1.59182326468398	29.0040168613659
0.324540728034547	0.32544293	1.11174944	1800.41044	0.180023203	1.40217770556729	52.7034984426157
0.807865654251321	0.168400746	1.05549081	1586.2687	0.0790677901	2.07666219402897	25.3084943900601
1.1988726414473		1.71112374	0.697414489	762.466336	0.179884551	0.939669637781665	187.073005946743
0.011022860076666	0.0709054297	1.58489767	9380.45539	0.0727700331	1.31605649146856	41.9664457081088
0.366564963572371	0.276658948	1.13230009	2344.75014	0.100033394	1.33261775029045	57.2901223610477
0.500613664557463	0.11473038	1.48422506	6042.02822	0.0670864562	1.28912683470046	46.7047897474069
0.536094100785961	0.13041075	1.25102454	4790.88386	0.0843895327	1.35788103213266	49.9416867830183
2.55799412786517	0.240539918	1.18012174	2464.60475	0.179131451	1.39398795016688	50.2351413734155
2.05799752218695	10.2256185	0.789950203	1116.79576	0.104383789	0.317610292937711	1445.65155383314
0.112760679530593	0.0894485717	1.50218521	2804.13969	0.104215349	2.14308655749329	16.6974277504557
0.436904236986512	0.187323838	1.39438555	5820.93352	0.0717366992	1.02785865281806	78.1992905555605
0.060364016503546	0.286080514	1.16491927	2330.74108	0.10001079	1.31442280503598	57.2382673494031
0.609616351143332	1.49943158	1.10419163	1573.43465	0.000541244537	0.698776929167847	213.663782551607
1.19762949787355	0.28569548	1.12547152	2285.5756	0.0999536523	1.32824062517406	58.0182267178372
2.14886262815963	0.0428342903	736.234831	2840967.86	8.89885363E-06	0.097296516474836	16.5288080547509
0.328892900652631	0.376093975	1.27458998	2517.07588	0.0987076824	1.10313813311514	74.2714981241123
1.39955458857635	0.385348606	1.48794054	1549.24008	0.3616194	1.38912069492793	40.1224033580891
0.195879169353237	0.163193843	1.1185523	3729.08056	0.0929182378	1.37585755182795	54.4063060299453
0.198906793457257	0.198996028	1.15221452	2413.08576	0.334689412	1.54887959070859	41.675788069687
0.848902206398357	0.283687438	1.09331753	2338.06572	0.102092676	1.31788595528307	60.6667190255721
0.440920498427142	0.230028402	1.13358174	2107.62447	0.335585747	1.54148354200397	42.7682867271836
0.395007911411354	0.14304212	1.41317511	5316.12125	0.102212853	1.23082648149234	53.8099806878887
0.149311253462144	0.278168647	0.94369047	2363.57929	0.101571647	1.32369236078125	69.670477140298
1.2723362857457		2.502694	0.930854706	998.308551	0.333499938	0.679031572385608	268.405026545184
0.581124144802461	0.165388347	1.21196659	3120.87909	0.10144243	1.49394742663414	42.5883880084487
0.793732177749947	0.423638682	1.25769619	4554.96208	0.000423555901	0.772655770659512	153.428001728397
0.374132289530023	0.0866526728	1.89580081	5506.65885	0.335814049	1.55378588584016	25.1696647154758
1.19693346934346	0.119336883	1.85218529	5434.30846	0.0947252388	1.33280542389893	35.0134209778186
1.25862637609229	2.48521533	0.994213822	1057.03501	0.0548059589	0.662215804890374	264.224812919439
0.359513368082277	0.286646501	1.16519994	2326.78171	0.10000019	1.31424125673271	57.2402909463158
1.26960844307015	1.19218734	1.07749661	1057.95674	0.102346768	0.955696579956597	117.056761013445
0.472353640033403	0.285290316	1.15408852	2316.79132	0.1021942	1.32019859374337	57.2710079283049
0.116560373922689	0.11444995	1.40074789	5852.94304	0.0700481199	1.31138824698054	47.8222414656536
0.045917617262394	0.364597319	1.20685827	3918.87784	0.102259995	0.897922059742773	118.391064590585
1.46700228799524	1.168261	0.88192971	841.758316	0.102615334	1.08233721707346	111.504737946574
0.69589875321525	0.0630720476	1.55990923	1648.52808	0.24092995	3.32858460226527	6.66551870660427
0.280560296834116	0.282363705	1.0883279	2320.2901	0.102127654	1.32602178819944	60.1992937340686
0.852602496692363	0.0954912249	1.57698213	6998.39789	0.0775581047	1.31294094469594	42.3774990306121
2.22171753230824	2.01999633	0.84643181	1308.32501	0.118350967	0.66022676705016	312.229725705513
0.112146608749974	0.428896109	1.17485705	3717.43672	0.102253876	0.850018531816805	135.709629070339
1.86582022826457	0.556989504	0.984264902	1260.4091	0.334499673	1.28099362619406	71.3257821161326
0.175908107949205	0.499395368	1.07496754	2101.96739	0.101503362	1.04758916407054	97.6506488980169
0.577338490224769	0.227860907	1.35668812	2906.95114	0.0956114752	1.31878033507051	48.8233451447252
1.40275144986415	0.410401953	1.27524815	1800.05255	0.102119496	1.24875988249488	57.9295160728232
0.776038189411982	0.152085875	1.78453475	3689.92863	0.183006802	1.43275791420099	31.4471894918886
0.081175913720002	0.0874766732	1.5392493	7540.44945	0.0780302663	1.32154359456797	42.8529304719365
0.521189833415612	0.172559702	1.27204407	4202.92283	0.0580407387	1.26032003592325	57.0149358955619
0.116535220317593	0.173423793	1.42029433	3649.58165	0.103081415	1.34911930594614	44.5628965234409
0.598311904242104	0.287087522	1.16390829	2323.53656	0.0999972461	1.31414814401616	57.3119341977369
0.81661951381231	0.0714440248	3.47098769	8854.42993	0.181458789	1.34946921170554	18.225247912325
0.561005961024111	0.415847074	1.06194084	3477.2741	0.10287533	0.892565202883928	136.167120192965
0.502838559352454	0.755994467	1.16283064	4359.12397	1.42473531E-05	0.591244782057636	283.400994859155
2.60509422901123	0.437843361	0.948478357	1617.22479	0.10282846	1.27550351611156	74.6554871094564
0.019532359512088	0.284962002	1.08293425	1832.12092	0.0994952523	1.48544198931996	48.2102071542461
0.324170159951323	0.298271838	1.03429308	1775.19642	0.0933960219	1.47501659897791	51.1935262106191
0.593136625561158	0.646181609	0.900052689	1257.14276	0.102254984	1.19084885537289	90.2549974382112
0.13103374782149	0.258734906	1.13963086	2629.82789	0.0866623001	1.30117306443654	59.7060237483678
0.667263712113836	0.945088939	0.982014232	1288.1511	0.00017493368	0.972761771618412	123.971457510474
0.060375871190578	0.285506883	1.16544492	2334.31442	0.100012234	1.31473514285922	57.1852708402687
1.9768527860455		1.04225002	0.822556303	1099.47531	0.102367346	1.00264580909468	139.313036646563
0.81672196034795	0.0979411151	1.31487935	6253.14976	0.101415912	1.37149523288752	46.5776924994447
0.000752223418872	0.758958961	1.15136024	3470.43899	0.100010612	0.661340144677866	228.766000297552
1.00234716398171	1.26249321	0.841500274	545.422907	0.102366263	1.29343624633807	81.8291731971512
0.781876193397769	0.175069136	1.05602945	1263.264	0.0900751524	2.28230869784233	20.9424592297027
0.172404465129819	0.140142915	1.25179739	4303.92349	0.105124982	1.38200112010896	48.1838665461328
0.327344457978754	0.324759696	1.11808015	1627.60018	0.102613064	1.47628875542329	47.2755857141677
0.300040419863851	0.28981917	1.16527485	2298.52149	0.102876813	1.31503829824488	57.1672503237295
0.012890365733779	0.224516	1.35610622	2902.54532	0.102952296	1.32957575383057	48.0543378869776
1.05562991534792	3.4726791	0.722813758	633.489704	0.076094563	0.723642611932562	304.353151942355
0.595490636077321	0.217312682	1.11661902	2996.16391	0.0982415337	1.3301509208332		58.310346083278
0.820012371427364	0.296782124	1.53379439	2222.43746	0.108516381	1.32157737756711	43.0031374567725
0.598737579437766	0.180960902	1.21936961	3982.97383	0.0515940611	1.26424177523595	59.1094390911706
0.26517899286791	0.285280368	1.16423721	2329.01018	0.102253709	1.31675386897999	57.0692016643366
0.923373884595198	0.198753314	1.0758523	2899.86862	0.149178251	1.41377366936482	53.5722699472415
0.326286151273957	0.683539321	1.1537116	3467.63971	0.10293648	0.697152042952988	205.447192595276
1.94800401900477	1.17680191	1.04578077	1814.21899	0.0824396752	0.734564105951849	204.15142770222
0.058866906749995	0.379880821	1.11202602	1797.97502	0.0999628661	1.29870564654466	61.4208853435904
0.628127810286178	0.250787571	1.21550444	5089.48594	0.0572225574	0.950027715970464	105.008239750342
0.669077051457571	0.161395007	1.22431787	4026.69522	0.0889385739	1.33139466523759	53.0816807581814
0.093706777589738	0.183723452	1.52292874	2178.47435	0.0239710649	1.6965541104579		26.2807324573477
1.16987271435584	0.990322322	1.05505264	2848.49951	0.0557951747	0.639042704081052	267.3736401398
0.507933628375908	0.217400368	1.15308081	2963.4568	0.0960061116	1.33720133581573	55.8726321073804
0.580330651955711	0.278301751	1.12456603	2410.7149	0.101367579	1.31037423138211	59.6591182673186
0.288190859368906	0.462054893	1.29810345	3361.12999	0.00167933563	0.861264999031472	119.638119588122
0.378887078759164	0.542910736	1.0852362	1989.46974	0.10225846	1.03274560553011	99.5271334289373
0.763492849937148	0.288959215	0.993383832	2466.49485	0.102561873	1.27135799549349	71.746327320691
0.528315304757493	0.332010015	1.09068743	3833.8761	0.108174216	0.951330916177379	116.704862131687
0.265335721396529	0.274119833	1.18734286	2357.81966	0.0989861108	1.33505979661235	54.4345827323472
1.57725445565013	3.40735067	0.810340468	1498.16397	0.155722683	0.475048717090774	629.953730380569
0.964970485569274	4.00461492	0.826183264	646.383084	0.348616257	0.667115248877589	313.310067513303
0.211369453701259	0.119551492	1.31375656	3798.53501	0.336636133	1.59272454371966	34.5665659595058
1.44847354968044	1.75416911	0.882286948	823.247603	0.0891147403	0.893151789247084	163.678666939108
0.428200735738758	0.308600913	1.02505329	2148.1937	0.102247573	1.31822916816452	64.6731778326226
2.812504129894		1.1514679	1.64220354	2011.10303	5.78907189E-06	0.705315067451979	141.013006380302
0.67703639782876	0.29775146	1.05598611	2288.27135	0.103383858	1.30030588512316	64.5213160368815
0.339811654070543	0.34756956	1.13029169	3721.52176	0.101697575	0.943724198488841	114.438396043912
0.617553566146776	0.0738223423	737.308689	549312.62	0.00934070243	0.168547587569397	5.4999411872318
1.66515793961247	0.968254483	0.94469307	713.785557	0.0903156661	1.29106350019059	73.1587948947167
0.905281628777044	0.145049645	1.57966627	865.780159	0.190152069	3.02875462254371	7.94985036370964
0.514689243208939	0.619189388	1.18739918	3466.00914	0.0914437326	0.73265519847452	180.740909573393
0.256731383244539	0.105109975	1.30691517	4947.6507	0.182284675	1.48834892302728	39.7919814019553
0.263865824073404	0.0925967881	1.32571201	5799.71885	0.0789025986	1.46461948547647	40.5092005912374
1.36173821284497	1.61304846	0.950881274	1013.63867	0.0746035328	0.839384503101777	171.950835540373
0.256857077921901	0.174815657	1.74331487	4049.73753	0.180743739	1.27562387128447	40.6098484655562
0.580028688226401	0.30477046	1.06729481	1709.57679	0.102165768	1.4869470299432		48.817674349379
1.09336521782769	0.0947016691	3.32761233	8210.00786	0.0734925758	1.21723837720037	23.3651450518011
1.22297586482592	0.686492506	1.37575649	916.732427	0.099001929	1.35296649674498	45.7442829248577
0.438497971622503	0.43762636	0.960029195	1489.34322	0.180109201	1.32946560632423	67.8912532612385
0.012414317266454	0.161983528	1.35929863	2887.11243	0.360726743	1.56949148716746	34.404850179541
0.508222123196369	0.064455708	2.29705833	7714.84616	0.0142753194	1.52206049072835	21.6479427126207
0.601229895869922	0.12309864	1.76512422	4669.96153	0.337165587	1.41560784465203	32.5680145726695
1.23326561057803	8.67041265	0.639097968	565.525914	0.177705269	0.484707902919066	767.228701100863
0.90579537361337	0.205535484	1.37170075	2573.20178	0.0946895949	1.47586255097477	38.5568261358727
0.073511278008551	0.462907086	1.02901825	1594.94551	0.102610909	1.24912643677591	71.7491238238859
0.311735399961507	0.0706867242	1.55649789	7791.87552	0.0744364213	1.44622647881605	35.3859879554974
0.923072168498054	0.0712258409	2.02332772	7710.55053	0.176254309	1.4483207509197		27.1429309188326
0.272932900391486	0.151832353	1.2021393	3034.50912	0.335798492	1.5812475104596		38.3263952762845
1.93046940783767	0.323112724	0.991788008	767.359352	0.0977274025	2.15550886864108	24.9996540098915
0.864142485229066	0.296262605	1.15565155	2247.16127	0.102749468	1.31543895979155	57.608182302469
1.45049592353987	0.42342558	1.26080843	1692.62557	0.10277665	1.26781896889309	56.8445567658586
0.762356422129965	0.0638317537	2.14492481	9076.92044	0.075405753	1.41006322761377	27.0124037532381
0.371703542934972	0.184123997	1.3972467	5912.22652	0.071887728	1.02871603620096	77.9091321548157
0.220569011695141	0.108028812	1.38568053	5827.23373	0.0940700628	1.35277391544153	45.4296010854846
0.34610945627268	0.120742371	1.19309036	3646.037	0.363969739	1.61765481165684	36.8983915127541
0.507380506314843	0.11508354	1.91386652	4991.85593	0.0696348477	1.41608268323348	30.0167459742382
1.53884209961829	3.54726009	0.820992502	663.016763	0.097129939	0.699870146592954	286.469474040445
0.386554685364417	0.25894409	1.11964664	2495.93404	0.103144636	1.3350781425101		57.7242270550487
0.075669120162407	0.419677068	0.976020876	1700.76246	0.0996118115	1.27041844127272	73.1307106362823
1.52257564190268	4.74955583	0.709588528	730.763754	0.098488394	0.576117731470072	489.128996764641
1.14421267854957	1.81544726	0.78562306	468.77641	0.095821039	1.16346024103539	108.326612648964
0.017045079132093	0.334106661	1.0764566	2033.1217	0.103253136	1.30227284461753	63.1032874519645
0.021440720889615	2.20413737	1.19617678	2606.85953	0.160803378	0.447762888619681	480.353456486059
0.656374668799836	0.429840966	1.04182294	1619.9079	0.0999929864	1.28625529639056	66.8350397973605
0.359962591048105	0.335758103	1.03657031	1976.87486	0.103034526	1.31741741180063	64.0334520927954
0.481890328379652	0.287655896	0.924205651	2236.75054	0.102332744	1.33807613218852	69.6181071838289
0.566057297300402	0.483345908	1.1876189	3374.18283	0.102968898	0.840451992011023	137.324983942606
0.319674924749511	0.281192213	1.11599198	2368.18007	0.101880553	1.31527702424219	59.6701236747055
1.44880126603862	1.70511936	0.883008455	827.727158	0.102655159	0.903452334516		159.836929523351
0.06036129426957	0.283582147	1.16593251	2338.49531	0.102704561	1.31800951278895	56.877693611891
0.474653541144388	0.193343475	1.28027647	4919.31989	0.180114918	1.10054789462872	74.2900790927773
0.299923768270222	0.797645921	1.15100893	3523.28095	0.0822777121	0.640246963475845	244.162369644213
0.854017215083428	0.247304916	1.01553345	2068.93472	0.0987549582	1.50050162777938	50.3831485943751
0.051466563035655	0.403894853	1.10388156	1766.68221	0.103089976	1.27061173554189	64.6404358367636
0.818483158949847	0.178743455	1.09400297	2048.29783	0.334885872	1.77384069002629	33.4660728574807
0.856606189962895	0.434819438	1.15179367	3306.28831	0.360311461	0.895161516923192	124.817357680058
0.1413302016017		0.777983275	1.4581736	4258.70463	4.42875103E-07	0.58966092485767	227.215811293324
0.060510970762216	0.258151947	1.16215988	2015.56835	0.0995621864	1.48795491415618	44.7720578569687
0.369503697315171	0.808303451	1.06395393	1778.10014	0.101998979	0.895284189383025	135.085217400868
0.717054118425481	0.148370211	1.83968493	5463.86418	0.0836541957	1.19207322870176	44.0659521661648
0.819296304622413	0.290886164	0.935850248	2507.98149	0.10271601	1.25661588056384	77.9544715159497
0.360200680924246	0.400560092	1.11670715	3634.72396	0.0989553776	0.88952197923107	130.376649223765
0.405960948442053	0.126675129	1.29590739	4845.06164	0.102895572	1.37003262296831	47.3605454368118
0.567997818209098	0.184934963	1.13676954	3522.80373	0.0896351232	1.32975766821929	57.3106117413924
0.087474983595		0.423119261	1.61312543	6186.88742	6.37924129E-05	0.663374441621514	162.280699588289
0.270940509652515	0.128526191	1.41109375	3484.1023	0.185219308	1.60392838013454	31.7341351468206
0.059263915134435	1.18961528	1.15666384	3251.14588	0.0776512953	0.545763822925836	334.376564962647
0.302570882712384	0.14628223	1.12647977	4554.53472	0.0652806915	1.31494759414666	59.1442042012016
0.385690086980726	0.20283141	1.12765002	3167.09573	0.0900119466	1.33914634195892	56.9668320070512
0.646941229215354	0.185613852	1.17312718	3526.88658	0.0813885081	1.32655512238094	55.8029014109882
0.66259419674955	9.88270705	0.695320787	522.969405	0.0731480452	0.472117542065407	743.304892124246
0.731853593279004	0.136768825	1.30584908	6107.10386	0.0587012489	1.17439725830671	63.9630897534625
2.24447614787271	0.884297087	0.987333335	1145.98508	0.102227564	1.06619750188934	102.639223458353
0.383566194037376	0.428785885	0.963514259	1664.70714	0.102038564	1.27039003400128	74.0832756363722
0.565780416257283	0.102892686	1.25527168	5372.24269	0.333821173	1.44363092051285	44.0354457943292
1.5576315118912E-05	0.199726494	1.16828895	2299.04831	0.360250591	1.58392404490389	39.3037063727193
1.48697056203353E-05	0.279048427	1.16470013	2299.54934	0.102696678	1.33987746828966	55.0944925313856
0.556783968560399	0.148557302	1.28227619	4180.29903	0.103023615	1.36199515651774	48.4305916535826
0.636675996235846	0.162730839	1.12055451	3749.39432	0.091169154	1.37407598426386	54.4500136307902
0.777664130501447	0.202862008	1.28667852	5231.45971	0.0757669157	1.04187216895533	82.4809309431619
0.061318542951304	0.272005922	1.14568567	2477.97122	0.334810569	1.30734114858976	58.8313936391964
0.831463263347759	0.246178112	1.00957755	2060.22043	0.0993054511	1.50710904561875	50.2369704795068
0.140449600946754	0.405181648	1.1056977	1597.08644	0.179905674	1.33424979612803	58.525048551485
0.490425421309658	0.113256996	1.49763928	4618.11445	0.18155148	1.48409388110225	34.9238816566825
1.44865214829441	1.05247423	0.885806126	823.964421	0.33912139	1.1525672487149		97.8996751191322
0.610717816482309	0.356678727	0.978810102	1715.48248	0.179955899	1.37212757443276	62.5122386770384
0.195889890576671	0.152504854	1.21621078	2814.20954	0.181311063	1.63834813330683	35.2883416329452
0.672579315942254	0.0735525104	2.13457447	9467.81041	0.0689383633	1.28618284626541	32.6238898400557
0.874702566252659	0.134726101	1.2995718	3464.17545	0.0124483914	1.57108770176685	35.9129716079112
0.410085495881774	0.136682713	1.42612809	4838.46318	0.0853232483	1.31982309635557	46.3727121589062
0.532149545678092	0.138659793	1.29085369	4810.32315	0.0783500202	1.31420719186511	51.6711086166634
1.18281220460336	0.544612249	1.23629662	1494.6004	0.10281564	1.18965213956205	65.8399992390418
0.000821904682908	0.290198244	1.16563338	2293.64185	0.102271306	1.31557631896086	57.1029320758566
0.429038475107366	0.432533359	1.0529345	2793.86519	0.129352185	0.976368393613371	114.768762465649
0.823514387588003	0.533890801	1.05151966	3267.96137	0.092282574	0.812571458060759	165.925049225077
2.2108331795522		1.00928479	0.96328634	1846.45941	0.334018731	0.786229785760334	193.463077434003
1.65676210128471	1.62673208	1.00755667	1567.3569	0.102904815	0.67217796855609	253.054723963006
0.291588710327079	0.0754168073	1.40801994	5885.71688	0.332915043	1.61098866353585	31.5252620471637
0.91862877124024	0.0653405928	6.75272844	7453.41967	0.0656727608	1.53800205879153	7.21206048713815
1.20481153962874	0.56377864	1.48789512	2079.56337	0.334672041	0.991256050473008	78.7967775935992
0.369069102696627	0.121456835	1.7000902	5678.96995	0.0375100738	1.29235097353833	40.5713600482556
0.236642694047697	0.147736376	1.2927008	4327.82839	0.0861505888	1.34229354916545	49.4606085405466
0.391566901419479	0.286257505	1.12053459	2322.6826	0.102214209	1.31629389021183	59.3364392243271
2.19946209215518	0.510320406	1.11070984	2225.56282	0.0950917573	1.00712840160706	102.254439546597
0.277293822417021	0.204339121	1.00490547	2445.73759	0.100255842	1.51825790094075	49.7320279625166
0.357381540545168	0.0931230786	1.57714008	3190.93683	0.0812232055	1.96896716438327	18.8410569863728
1.57177096272698	1.59407865	1.03906824	972.781704	0.0874545239	0.86191347419387	149.238566415717
0.062935762605785	0.0853367649	1.17275867	3657.21998	0.0478642311	1.92124438068878	26.612066881658
0.161928920355722	0.629930431	1.40341599	5835.62982	1.99490532E-07	0.559804103499212	261.935223330971
0.120296136623809	0.551308769	0.930233742	1350.3209	0.102219222	1.24397111042926	80.0276016147748
1.61231037975848	0.240651779	1.75193445	2969.06981	0.0957835015	1.26975957597279	40.7841704209705
0.331467450401711	0.609331075	1.17293185	3383.8994	0.0977044576	0.74746498732872	175.791548255242
1.59374290354649	0.566078264	1.21522025	1462.30238	0.102583295	1.17969409741813	68.1174949737275
0.299156899774197	0.285083958	1.16428321	2323.40003	0.102868486	1.31879670792075	56.8902884522159
0.601135448421793	0.0803277895	2.0105201	7782.89033	0.104194712	1.35744698158255	31.0955546343369
1.07667509629356	0.204299376	1.20426385	3083.21775	0.101861324	1.35235471861834	52.3057685736497
1.11005323576788	0.947802565	0.942120783	716.429895	0.095821621	1.30250815130078	72.0750570814741
0.549306225264074	0.355820868	1.11547994	3678.05395	0.0910629338	0.938213082642637	117.324238841967
0.000457878088408	1.44725392	1.18398871	1888.16118	1.58258196E-06	0.64928346052955	230.800230295002
1.15380212140231	2.22698176	0.934122848	923.152011	0.0770747377	0.748568071834684	220.082689830997
0.124652633210612	0.331793258	1.17733531	2082.64344	0.0997700604	1.29117467637533	58.6924596876252
0.676416893552734	0.0841263231	2.014244	7891.64879	0.0816756319	1.31727488326622	32.9600284721843
0.31071069186748	0.225713278	1.30564573	4904.87945	0.0995356372	1.02007831784751	84.7930179999392
0.276926193007726	0.503160025	0.906605103	1095.12393	0.0970717214	1.4459109278273		60.7786766447197
0.192352972568608	0.617512094	0.905170967	1285.2215	0.102461565	1.20479876770708	87.6784440346308
0.313136600664956	0.27176045	1.02251888	2391.45284	0.0991665164	1.33138053311746	63.5589535473593
0.730151165480899	0.0460140968	2.16784365	9902.08462	0.183641794	1.59007449676253	21.0179124415394
0.107748984083994	0.117375883	1.10083058	5910.64768	0.33490332	1.28860338224199	63.0221855339358
1.20791094845803	0.569137992	1.21536693	1460.71763	0.0991991905	1.17715679915613	68.4032022178849
0.303281084721895	0.395205689	0.972232214	1337.81017	0.100494232	1.4761055024791		54.381060653279
0.590427566118265	0.342874426	1.16818941	2012.4787	0.102619924	1.29209083657767	59.0681162825921
0.348205709494512	0.198431815	1.13055715	3224.21425	0.0904864738	1.34186442938461	56.5903886925454
1.70105448806238	0.609841177	0.913986378	788.56355	0.228719009	1.54774538499333	52.6155022707897
1.72814050163132	0.410598173	1.27758972	1807.23433	0.100282283	1.24597835922872	58.0818006332173
1.78604216721685	3.48522109	0.822021538	925.765121	0.147250667	0.597531308477566	392.507492193666
0.372077568426655	0.245121811	1.18272778	2675.1152	0.0965226744	1.32545203644262	55.4420969513058
0.45657092877443	0.304833204	1.03804901	2198.15553	0.101992574	1.31119080603814	64.5509784841679
0.558640427161907	0.170662525	1.10511267	2895.87963	0.103396538	1.52674639464648	44.7210626724482
0.641992694700264	0.466367197	1.18902114	2948.42706	0.00290458528	0.915307555859459	115.645518592811
0.582689051578572	0.105646319	1.20801286	3324.13761	0.34001713	1.81117142506037	29.0711228310895
0.428536078272103	0.249715215	1.29415688	3971.52746	0.360345224	1.07776717520678	76.632968450649
0.646031944031077	0.165323782	1.10788118	3706.83395	0.100130835	1.37106172678257	55.3153008574439
0.641546483421561	0.130877032	1.2173014	4955.93136	0.0829364355	1.33269840937086	53.2832367721358
0.049269293701677	0.404062624	1.09492184	1726.59443	0.10529943	1.28501066418943	63.7170846797233
0.103262211586537	0.341745253	1.09477805	1530.89499	0.102411886	1.48389199942131	47.7883252841964
0.362281828637695	0.722152016	1.63238094	5159.88278	1.98246511E-07	0.556022041202811	228.269006369352
0.164790643226497	0.221719391	1.22725448	2895.30185	0.102312439	1.33960721240859	52.3073717313441
0.489633209409281	0.273271691	1.09464679	2320.23836	0.102289522	1.34791534089224	57.9232923306948
2.19667001892451	0.534555316	1.05385048	1531.3682	0.108943914	1.18628790068789	77.677149424779
0.294991111895006	0.342473802	1.17781732	3794.62461	0.100682863	0.941516970596756	110.336254636625
0.846937212972474	0.142123038	1.20462909	4274.16442	0.0937213286	1.37710922009638	50.4269104344731
0.194435039358146	0.302212198	1.10811292	1981.77185	0.179540349	1.38689447223753	54.0482486859756
0.682880262194607	0.0709944643	1.54378991	2278.37326	0.346528858	2.66871108058114	10.4775842892473
0.148922328188218	0.26255575	0.949234597	2155.98762	0.177806828	1.42656755105568	59.6340407680921
0.140452807313538	0.656502272	1.41649986	4962.51211	1.56888729E-05	0.594644399626734	229.996526441063
0.301956748736272	0.789153296	1.14578077	3436.5035	0.102234324	0.651759179980938	236.688215996201
0.321590844119717	0.237234258	1.11561131	2722.31165	0.113070701	1.33557603223637	57.8898383821966
3.04378553279233	0.151094337	3.31586164	3148.36827	0.329641006	1.55617839827995	14.346214288588
0.324252095161879	0.149311927	1.20234893	5234.55708	0.0992600946	1.21405683789585	65.0045743880933
1.47086945389478	4.79422881	0.858596038	780.271569	0.104007645	0.554937367336249	435.688061691673
1.95682497247126	0.901622528	0.79920623	857.160569	0.362339486	1.22090752380367	96.7003571936243
1.13054856649309	0.54497824	1.48727895	1532.49665	0.103004447	1.17445638041225	56.1547198071281
0.229069493939275	0.197923049	1.20998306	3236.83916	0.0953027328	1.34096515670663	52.9466152749113
1.09424976301399	2.44055659	0.932179858	921.712248	0.102312257	0.71562271801411	241.315115493529
1.30611352170418	0.267144729	1.21341273	2520.35615	0.101457783	1.30804286815455	55.4881157934805
0.000606810309494	0.690749634	1.15365099	3485.89236	0.102257493	0.691685898192415	208.718138562287
0.37392922400793	0.256734223	1.34743153	3227.59063	0.102892356	1.17908505388937	61.4972229835775
2.03172994915914	0.411413329	1.09215653	1465.87878	0.35970129	1.38209543197411	55.2193803932353
0.286763132788651	0.229554879	1.29340335	3667.19814	0.0829969437	1.16981123434823	65.085901107085
1.22728785964196	2.53146042	0.906070861	951.186652	0.097338879	0.691684104302076	265.750888281829
1.64470563633803	4.84638144	0.66431739	641.960501	0.109062975	0.608503792747621	468.328167242393
0.518546690225872	0.733277814	1.12105649	3021.71902	0.0991190527	0.7210492472984		197.649229746471
0.65944600180949	0.28276283	1.12868839	2310.29682	0.101930722	1.32794836811228	57.8783367270395
0.240267599040777	0.206064652	1.12532448	2463.08602	0.0996942539	1.50655398974813	45.1029878562106
0.275815630947125	0.358679125	0.983573795	1725.63112	0.178721416	1.36426647360228	62.9284618338546
0.512150074884508	0.281591722	1.08625597	2331.97136	0.101970453	1.3245083226157		60.4520342398746
3.03032265656289	0.285060377	1.07298988	2349.59683	0.102121312	1.31147838791456	62.4215540744713
1.69618151799629	33.54178322	0.76193603	387.70987258	0.52490814	6.71388518870913	3.354178322
0.308181685096891	0.137070798	1.33117519	3430.96572	0.357437232	1.56511257029809	35.3285737808143
0.116119378443426	0.246439797	1.18335538	2041.51053	0.33450653	1.51319537835377	42.5154986481375
0.437752133001113	0.298069547	1.2287789	1749.82744	0.103084614	1.4861745653483		42.4462262795178
0.25095363908601	0.692410969	1.28138432	4419.76875	7.56013308E-07	0.613542280817463	238.827361563424
0.416456725481864	0.0951659051	3.47098896	7542.8909	0.103152953	1.26682502899845	20.6807353132305
0.509942821237591	0.227507347	1.27133627	4950.34261	0.0882817068	1.01137193465963	88.5870513190154
0.638488446324946	0.158494162	1.1557656	4173.25824	0.0792382633	1.31972053608498	57.2293436972337
1.15588646709315	2.15916331	0.801668849	912.130671	0.12270888	0.764812476344194	245.667407584261
1.042812717898		0.104915557	1.29630381	1058.79521	0.205936328	3.2203294988813		8.56929435439073
0.366631595702469	0.150027157	1.21051868	3001.18426	0.33534063	1.59953950170631	37.1955550624753
0.360236163186109	0.614112028	1.21768683	1845.05842	0.000268700992	1.00831766755906	93.0512296075893
0.000343810433425	0.206616621	1.18838915	2349.3873	0.334648738	1.54051632075527	40.8470967061853
2.26375647459481	1.40391438	1.03602745	2068.65796	0.363734202	0.629812946789011	280.322558764776
0.695202335145932	0.449104003	0.995657915	2250.23585	0.0826783721	1.06767422094574	101.499713174992
0.15384518760964	0.0813909059	1.61979848	5795.3408	0.33168438	1.56278346788292	29.1201679428191
0.866697404121929	0.164793883	1.22749659	3602.8438	0.102826693	1.39294182572341	48.3689017534848
0.564323918717658	0.245904691	1.1644959	2330.08515	0.180034011	1.41793700473651	49.204026292788
1.26947139652766	0.562839554	1.21576657	1462.67933	0.102782614	1.18293088899587	67.7147901625736
0.516966321540178	0.167611286	1.82618712	6299.40184	0.078701842	1.04453970725815	57.8172319730941
0.397031142129664	0.168980899	1.16423329	1557.24486	0.0885814167	2.09232420094401	22.6023975320212
0.266098096470606	0.286016417	1.17290274	2320.85254	0.10232006	1.3173676208286		56.594797269904
0.167273163142181	0.408861564	1.10616207	1763.35089	0.0978774616	1.26406301937318	65.1772848047657
0.23484722188663	0.156291956	1.39645295	5104.24198	0.0862299992	1.20168958948992	57.1270204951419
0.604051620631006	0.552754494	0.960524323	1327.43622	0.10228706	1.25300633498583	76.3901879977039
0.481618076011247	0.101868992	1.41275654	5427.60201	0.0745230906	1.4434483148245		39.1365624636127
0.107300966576985	0.544842569	1.39234205	5407.82085	2.949206E-05	0.625287253394737	211.615457897416
0.696495936869868	0.142123778	1.8719235	4346.76557	0.0543316867	1.36555676639273	33.0023499832511
0.636864960131914	0.400661694	0.935239769	1715.16797	0.102339101	1.29474427445394	73.4787085764679
0.449342605076333	0.274262345	0.97554346	2346.878	0.101991443	1.33782063423277	65.9796605790284
0.027644444062928	0.172083022	1.27908488	3231.24966	0.179680698	1.43936842035377	43.4719552254634
0.507828020390133	0.335720725	1.0053457	1992.12812	0.100066275	1.31243719652394	66.5242509854359
0.43443068474825	0.158920083	1.26886172	4059.75233	0.0885090452	1.33624803038907	50.8468469868445
0.671366557275927	0.23789137	1.10809407	4616.91385	0.0987414124	1.02414396561013	99.1182960620369
0.103324262812074	0.343468213	1.09523842	1531.69432	0.100225085	1.47977918235462	48.0341358872939
0.122131541970946	0.409617566	0.847202393	1349.36128	0.36122816	1.44368628696203	65.2408548105039
0.868818214301051	1.60710056	1.07978225	1990.68343	5.28092881E-07	0.60007234541357	296.284593966582
1.09500635768682	1.4453875	1.10616301	1858.31576	1.76825084E-06	0.654899015016267	242.820122014114
0.597099667099111	0.151625229	1.19282427	4061.18649	0.1025539	1.36777303715782	51.6235582260542
0.620093102204121	0.261685973	1.16934439	2518.84644	0.0979140402	1.32201131308		56.3689180985412
0.093267973362136	0.0527399425	1.61767122	7095.87212	0.331890028	1.75450060975792	23.1342366093496
0.126670198595532	0.204129676	0.998210475	3090.70174	0.096364948	1.35127772611227	63.2034987209322
0.306530583070778	0.111605456	1.61699636	5044.13474	0.178514795	1.43050765743447	34.8147325318123
0.345229942360333	0.0942836625	1.5399898	7527.32193	0.0525584979	1.27405381325652	46.0849468208795
0.089378789007193	0.201936066	1.27186228	3074.04932	0.0989015532	1.36227215084973	48.807283314572
0.133773505975593	0.120838673	1.36493031	7826.8533	0.084511064	1.10364568320114	69.2919308486652
1.40982329267655	0.928700013	0.942144999	716.4998	0.102556376	1.31577150533382	70.6274909149624
0.719517630853028	0.272724877	0.980027762	2285.25312	0.102893407	1.35955476704267	63.5946653994753
2.66076224006748	0.262845279	1.13889668	1987.56645	0.0992673325	1.48496193214673	45.8709264198829
0.584971675100632	0.329736686	1.19206625	2077.97765	0.102004667	1.29664822269121	57.4788073979167
0.36656288624808	0.435142157	1.06791961	2250.06587	0.102261542	1.08470849994931	91.6827921217667
0.117475724496541	1.02644178	1.1463957	3180.66393	0.179586601	0.594018795830996	284.785292363797
1.12111562247223	0.312385297	1.3983721	1787.57789	0.335518705	1.43631091210481	39.9330800491717
0.687609093540025	0.102541749	1.85508708	5365.7591	0.182106538	1.44697255484391	29.6597571487946
0.000570173963329	0.217177389	1.15573729	2242.40469	0.334739835	1.53801984515947	42.1375687943369
1.9002144538457		2.575396	1.3100146	2283.98791	0.108938921	0.442544890407806	449.015860392881
1.83006970488344	0.650261992	1.10999005	1496.39665	0.0552273556	1.08807464660062	87.6629359381309
0.587736412566872	0.0516304864	1.55668198	8347.86247	0.181661462	1.63487852266929	27.687363588959
2.18561017234924	0.599687216	0.924574347	1385.31658	0.102191869	1.17757703673669	89.8528761731739
0.371664957166527	0.191155379	1.35993864	2864.62992	0.180085786	1.45043648624268	40.2657444936148
0.633060414676281	1.45923411	1.00118109	2760.14069	0.0547974423	0.534808305729831	402.293998905526
1.44041833725077	0.268316926	0.69758858	457.079483	0.167643764	3.064829653164		17.5808729288873
0.266130530358013	0.206190295	1.17902452	2311.10875	0.360190395	1.5548265165691		40.4171573072612
0.185960495716002	0.131216082	1.77538389	3696.08517	0.335835875	1.54120965653703	27.3172364285509
0.794201945775694	0.082464142	2.0961071	3143.24393	0.109801012	2.10816512410281	12.3660147796913
0.590248824261531	0.132229915	1.85529246	4889.9975	0.100628994	1.3347719197589		34.8518612410688
0.311939608128009	0.23200667	1.20784276	2795.6043	0.0980629632	1.33271766508537	53.6989470616756
0.119353621431294	0.703572755	1.50467746	5253.49819	1.99579778E-07	0.558274047509832	245.648538852028
0.348182261216828	0.246292286	1.06464133	2613.77333	0.0997151223	1.33772509275601	60.4665806588152
0.166173366607421	0.670818846	0.998641107	1254.41743	0.00105389105	1.17004501875905	84.2631899384536
0.155259068386165	0.581761714	1.04675807	3164.09555	0.103430247	0.791095430945567	175.852444149561
2.46591106746624	2.7573214	0.742157126	542.015038	0.270051587	0.877964338239697	201.373753756723
0.607774242205589	0.246522427	1.21422472	1813.61526	0.014297968	1.60518628921581	36.8215889674389
2.9134992155922		3.89183654	1.72484974	2555.88166	0.102373216	0.340313026289428	576.692183998813
0.951580512859709	3.91347464	1.4090564	626.222534	4.03172529E-06	0.6856155074159		173.925330867206
0.342705019525803	0.36298684	1.08644904	1688.99995	0.180239859	1.37077438741202	56.4301437102524
0.045435968872768	0.175936764	1.26987682	3584.26719	0.102779519	1.35159865610692	49.6587039615365
0.367934906982117	0.336385051	1.07199077	1956.52218	0.102695663	1.32301725393312	61.394634330847
0.284865563148439	0.330798873	0.952130133	1579.81045	0.0996308918	1.48471035598876	54.887404389461
0.750657979016031	0.200226703	1.34847475	3167.45655	0.100546907	1.34775176236979	47.0316097429525
0.91009749038007	0.213457394	0.992938215	2931.95753	0.0983983406	1.35672491485496	63.0299050049632
0.838675136528925	0.541855039	1.3310579	4695.57479	7.98335701E-05	0.672884152628634	191.15027685594
0.315449454686817	0.157312347	1.11048636	2966.33851	0.354405412	1.57121088559889	42.0213781828516
0.928888021058557	0.135122802	1.19921713	6978.76759	0.0808148057	1.10528060825153	78.6338526758359
1.04087039619794	0.202403119	3.3411519	10100.2045	0.000222395783	0.750676042362923	61.1858710565609
0.369659143734526	0.304028409	1.07554882	1774.98566	0.0886686894	1.46107238265449	50.174018712383
0.760377836903313	0.285380062	1.09993308	2317.45019	0.102215284	1.31980333469412	60.1267559753828
0.764055170079267	0.383276339	1.0359419	1792.89246	0.10363807	1.29477144946797	66.3331851225927
0.267027974725237	1.68277288	1.18458742	1862.9031	6.0850555E-07	0.606203381695849	264.635835382072
0.190900127555476	0.27881441	1.09429732	2353.09861	0.102198373	1.32509973780418	59.9542545365066
0.071908951147198	0.331752879	1.0436646	2045.00422	0.0999165541	1.30308211798102	65.0051786323067
0.381344365654947	0.385766807	1.07682702	1824.06999	0.100769717	1.27950816671011	65.3462109250214
0.930481257768018	0.223139532	1.13310082	2551.74605	0.178378483	1.42239184933922	50.2510817510351
1.42659119906517	1.30904571	0.839662105	537.44812	0.100191885	1.27961864554066	83.7889612552617
1.52592643326113	1.22722593	0.843755578	853.476941	0.103725605	1.04874060217696	124.136546170754
0.703680519147468	3.20324291	0.816847632	614.799917	0.351698624	0.764829098538347	241.091899890436
0.230719746643673	0.223265549	1.00516689	1932.98766	0.176034763	1.6338073352479		42.9351141003187
0.33021883843535	0.182610756	1.37605059	1150.28183	0.179675112	2.34186002032956	15.2649790724165
0.463866709679492	0.184609506	1.16331794	3445.16694	0.092163726	1.34584198955912	54.6721188603807
0.89000622179004	0.134596784	1.20673326	3865.71162	0.0850170701	1.48796998765279	43.1174286124698
1.03802702856729	0.121624665	1.80986918	7835.46817	0.102488951	1.09946886557156	52.6549764936277
0.623015142082492	0.35489782	1.02626198	1923.41772	0.0947163349	1.29908559569314	66.5148635611903
0.396756559170813	0.348341228	1.10275231	1901.49921	0.105440214	1.31879024375912	60.065217170339
0.309645260173408	1.13692388	1.0332983	3083.75364	0.096541542	0.573219172333041	339.301163405855
0.352821267878336	0.467711801	1.08392887	1991.46134	0.180022998	1.11211868022441	85.9309126025284
1.32655716548102	7.76175988	0.72030707	293.378425	0.103592119	0.711266004235255	316.133630178389
1.24673759926278	0.102412551	1.83994227	6158.19958	0.100552577	1.35152090481415	34.2769954708921
0.637630905968159	0.135759554	1.30908063	3259.37485	0.336846781	1.61351825470883	33.8016823268416
0.135866616225425	0.0863661171	1.28342396	4880.62827	0.182035375	1.65316680640391	32.8434660584325
0.290183782094766	0.345379906	1.08179336	2032.58894	0.0891904304	1.28101120049432	64.8936666641991
0.349448650665225	1.57525732	0.989711433	1351.7306	7.7073827E-06	0.735538506651799	215.145895189229
0.188475293072069	0.13542856	1.27893777	3734.03332	0.100270074	1.50932239032336	39.5402159027346
0.001144239514612	0.598445618	1.16769881	3338.21578	0.0834392104	0.75937569196917	171.083552399908
0.337343571768391	0.239238086	1.14594684	2988.60442	0.181813304	1.26933677554561	62.392772185832
0.375365934289368	0.0853241168	1.98393556	6545.74823	0.180874116	1.43618600462662	28.1516294067491
2.0234532173284		0.349404818	1.09765557	1799.27403	0.179693653	1.35367104398792	57.274342896495
0.369001290183248	0.0897444112	1.52012013	9152.7819	0.0574027702	1.18425704338884	54.0359282300615
0.069950646088965	0.0773770603	2.1209595	9391.85494	0.0621014234	1.25905423581033	34.2634607601528
1.01448602200277	0.284068266	1.09465122	2309.98318	0.102001089	1.32498350169424	59.9453875757582
0.196611782606356	0.15662005	1.42197288	4862.86079	0.0422847054	1.22986273306157	53.560901954251
0.368727654792002	0.416053403	0.892340629	1686.8359	0.102231233	1.28119514013922	78.648645336709
1.71328330029448	4.40345455	1.03825776	1680.21587	0.170008449	0.394590785404049	712.612465110177
0.250793504882267	0.0741832153	1.94520261	9441.61538	0.361191633	1.28247899484853	36.0070145348166
0.234478887252698	0.116155527	1.48775392	4616.55904	0.181609645	1.46570680012494	36.0435177490787
0.22574958336136	0.503295966	0.92267565	1464.23197	0.100018058	1.25028658755837	79.8701086117568
0.265406040749102	0.277031277	1.1857414	2384.98946	0.102704932	1.32043979814779	55.7218189172901
1.89934337966145	1.89916368	1.2966184	3799.76924	0.358890004	0.399545671533604	556.554166822652
1.08334421436905	0.282414923	1.0712089	2350.13556	0.103484634	1.31745552134675	61.9592829388331
1.50390548010103	12.8021635	1.01018984	774.122994	0.477723578	0.340941267234099	981.048189743971
0.835297547864563	1.03655355	1.28059713	3549.10289	1.94507127E-07	0.559591453387417	287.274983971326
0.27924647791208	0.126078024	1.22130703	2834.67172	0.338219292	1.79537493290484	29.2628962551932
0.061020280566203	0.296128237	1.1568001	2251.4768	0.103071221	1.31447578765988	57.635355964302
0.451887487236631	0.496435898	1.04214172	1498.1455	0.102298533	1.24456520002043	71.3658413586167
2.47610750913264	0.134167834	3.53061497	3591.75686	0.329114128	1.54613912563		13.649130314565
0.3106705511985		0.157568111	1.22702544	4124.83993	0.0879885528	1.33133860465168	52.9690106463866
0.602379850674292	0.250097768	1.12181258	2669.70305	0.097877167	1.31352956626993	59.5185671770406
1.92804284190747	0.15739305	2.74539242	4727.84212	0.0822333615	1.24423376062912	27.1046676520388
0.4951184899238		0.313830795	1.11441439	1940.15474	0.103671919	1.3754989920826		54.6367948889478
0.265826034416131	0.614370911	1.15231998	3332.00845	0.102987063	0.750166852497803	177.649359762572
0.050131639714685	0.243286164	1.18814087	2674.52426	0.0991299666	1.3305900249908		54.7641078738701
0.407980001828714	0.141677579	1.85176694	4874.64483	0.0768461381	1.29152907342072	37.2956155054408
0.060361424650441	0.285504544	1.16423135	2323.57198	0.102254611	1.31777620678558	56.9809736356161
0.046822566468636	0.648046836	1.11404325	3238.1125	0.102864815	0.74092982276463	188.363293816201
0.527615685864954	0.144079269	1.20839664	3120.54365	0.3617378	1.60070153138495	37.2067939525711
0.200855554946881	0.287714998	1.06572584	2408.92998	0.321108184	1.28923741457035	65.0341071187539
0.506342554258572	0.336648919	1.17895197	3632.66274	0.00537761747	0.970566031915043	103.730433099202
1.99582633495331	5.07851125	1.76917808	2370.68184	0.0853544959	0.30932953851913	680.515688653044
0.567097193274397	0.239650145	1.08720204	2413.47832	0.181426223	1.41128813557021	53.1999028756749
0.378409055563669	0.472530856	1.1048385	1591.78016	0.102711126	1.23756953361006	68.0792026679571
0.667429346714378	0.468907438	0.988323129	1568.37171	0.102659074	1.25157874377003	74.4110037282937
0.202909229411549	0.270365334	1.15970882	2443.31107	0.099823233	1.32056978177688	56.9614201525558
1.74376906788607	0.310863271	1.33116648	2238.6329	0.0990914443	1.2866193903627		52.2781151957955
1.90804897554454	0.196015784	3.29606413	4201.99749	0.0782249605	1.18264070624093	24.9891324890084
0.800055867449299	0.0928036102	1.58577151	7216.29307	0.0752033028	1.31155564989908	42.2316862759908
1.37149403125615	2.9424163	0.893641457	1306.66162	0.188725434	0.547384648271382	430.233223756136
0.047254008677308	0.207426654	1.12980183	2254.07344	0.334709609	1.5696756737703		41.3837983896229
0.431540487454264	0.355192517	0.985837733	2861.75601	0.107658077	1.06457934053208	103.107670380859
0.914869873027055	0.231972494	1.06801829	2693.02677	0.0963605881	1.35796212884368	58.4922694765522
0.419646634329363	0.885431257	1.16271428	1988.24365	0.00143754173	0.808935720082694	151.408914857549
0.049859280003124	0.408278456	1.10697179	1766.06708	0.100032387	1.26399224689517	65.136902957105
0.021629268624415	0.0669442013	2.44378258	10959.7201	0.0674693168	1.25305468873341	30.022708017096
0.084276922471732	0.474641352	0.893677376	1240.0639	0.334684015	1.39901193976113	65.861083861923
0.20348053389824	0.144578574	1.17799654	3945.85755	0.334785863	1.42103105732684	48.4285342456213
0.885958741372179	0.252439382	1.46366663	6021.4471	0.00139551425	0.870557071721808	103.85222655993
0.252567658379351	0.330845908	1.18196714	3927.77016	0.0961990662	0.941543354834682	109.942708305791
2.11604054279068	0.853854762	0.844999187	934.855202	0.181094893	1.201329280971		94.4652466284766
1.0534860173138		0.250361067	1.09151853	2059.60865	0.0986393773	1.49468779784258	47.2411420460658
0.599144842425983	0.48402307	1.23496405	3632.43064	2.54280721E-05	0.809458417102636	142.36691585758
2.77567484934626	0.503118802	0.844933267	1378.59631	0.179944614	1.28876107339331	82.089053777169
0.214216746221018	0.211922083	1.19751378	3033.3038	0.0950069068	1.3386904892373		53.6798883155913
0.017647180294693	0.371542819	1.33550973	4006.27225	0.0981565248	0.879734399553341	111.455697552011
0.265945130724473	0.254785537	1.15955652	2262.36106	0.179978755	1.41370207445928	49.7101148256222
0.134910355896594	0.350290328	1.10977478	1957.05675	0.103668619	1.2963147327567		61.772718503489
1.31314484197419	0.361219093	1.41232716	1550.69783	0.102224095	1.43409295082327	39.6609000757068
0.275365219676231	0.115721367	1.2306159	5576.26417	0.0817083724	1.33612715945062	52.4365817559744
0.216816240401429	0.420376292	1.0507571	1682.02431	0.102423319	1.27641235078152	67.2927304028361
0.562618078188266	0.0942106748	1.3879266	5698.141	0.179463652	1.46490542211608	38.6782491751038
0.141147083023346	0.103878099	1.53735475	7649.36461	0.0350929	1.20406951732133	51.6862782805775
0.792898217776712	0.726965718	0.954733515	1782.78155	0.179641896	0.942801377884564	135.74689158502
0.571119534700681	0.162965238	1.33257024	3460.10336	0.178819368	1.42933561693823	42.3149602655842
0.602469947173555	0.227589187	1.07904016	2787.74218	0.102356885	1.34748557346447	58.7985507705114
1.15260852667551	2.98567465	0.938754092	948.546341	0.0457042025	0.637787087881191	301.681855643401
0.336220167334687	1.12267771	1.18765745	1864.95001	8.85014599E-06	0.741762872844412	176.291388269511
0.634669767611319	0.213968542	1.19272488	3008.27495	0.100720627	1.33780406790475	53.9668632540492
0.270654488615877	0.182741374	1.15584396	3025.474	0.179821199	1.44348104059661	47.8333836481938
0.592697528672926	0.165402747	1.23220907	4165.82739	0.0691305828	1.29301703024819	55.9190246695587
0.196380615115506	0.100871643	1.8571355	4579.60155	0.337580066	1.57916621978155	24.8744333751547
1.09648648719047	0.422177831	0.982061416	1689.35938	0.100432697	1.27091792090644	72.6237755814556
0.01766509341482	0.238596689	1.07768335	2036.03829	0.360103221	1.53993029395788	45.0774334289587
0.84045792113029	1.78418626	1.08634146	2560.83958	5.83017658E-07	0.502128598913504	420.587353142185
0.468904511528992	0.203782839	1.20906163	3182.67319	0.0907597357	1.33274300722834	53.6427723926188
0.565302205738021	0.386955055	1.16951801	3368.41192	0.360261861	0.940120189699614	111.449674876427
0.122059354143579	0.584681694	0.846727084	1338.9361	0.102237814	1.21307196433866	92.4561693961066
0.000173227797785	0.248815759	1.17299658	2094.34518	0.0986012115	1.48683633948081	44.4252007597236
1.71420421727268	0.994604633	1.26806553	2101.22727	0.102262175	0.742445341066838	164.809335817838
0.35341946326149	1.89943935	1.14840394	3477.86563	0.103945677	0.417596764136051	575.232686125628
0.251125240784988	0.337178159	1.08896844	2609.06735	0.100012897	1.14433683325368	80.7847586271654
0.368307667411808	0.17864195	1.16584208	4880.04905	0.180202044	1.14953558705287	74.776978232562
0.546823998863367	0.160938309	1.42379995	4173.33515	0.0855685705	1.3096489257086		47.1730246887044
0.404137042935651	0.169708957	1.37679384	2963.74143	0.101637569	1.51339990290532	36.5322281586464

