2.889638888895307, 1.73347270e-01, 5.96742630e+02, 6.39969874e-01, 4.69298719e+00
5.068319528230244, 8.29343614e-01, 1.06417613e+03, 6.91681996e-01, 6.68077709e-01
1.1451698254846252, 9.03687957e-01, 7.12491376e+03, 1.62154045e+00, 1.05465466e+01
1.6617651813536571, 2.03614515e-01, 8.00163638e+02, 4.98836534e-01, 1.01509496e+01
2.764895162041311, 8.36628383e-01, 1.79451206e+03, 4.93819767e-01, 5.40394056e-01
1.0688626878926684,   6.27482317, 247.66943054,   0.39207803,   5.70225756
2.334573932306184, 1.80462493e+00, 9.06384960e+02, 5.52049860e-01, 1.54721447e+01
0.38339821998619433,   0.76724688, 533.33329514,   0.82011556,   0.94224588
0.6359079241637337, 2.48552926e+00, 4.27429804e+02, 5.94732611e-01, 2.42719611e-01
1.4956066548417832, 1.02045262e+00, 3.75849040e+02, 3.65988041e-01, 1.96421227e+01
0.4100315919856063,   0.75900613, 365.18465814,   0.46677948,   1.02647496
0.8874479360038074, 4.74412610e+00, 7.54276328e+02, 6.01438193e-01, 2.35175153e-01
1.601724918074474,  10.        , 143.05549924,   0.33159186,   1.14464856
1.6418420975044428, 1.58467792e-01, 4.41134355e+03, 1.37376635e+00, 9.43608985e-01
2.1924029341774864,   0.50999937, 210.40414066,   0.53371296,   5.40404307
1.8753048460665038, 7.01479758e-01, 1.32573080e+03, 6.40089882e-01, 4.56240354e-01
4.219287216318539, 3.24708582e+00, 3.67968645e+02, 4.71637323e-01, 2.73149908e-01
2.1513125182539774, 2.29141812e-01, 1.26799822e+03, 7.74214718e-01, 9.22972861e-01
2.4471478312303936,   1.06838363, 489.00269193,   0.72588782,   0.84021873
0.6859222693656594, 3.22767883e-01, 5.68789368e+02, 7.05433604e-01, 5.65089987e+00
0.3725854742291885,  10.        , 204.02387033,   0.36571368,   0.95249029
0.846030766788382, 1.92425834e-01, 1.54813063e+03, 1.02836352e+00, 9.14805157e-01
1.1049388315426332, 5.19986173e-01, 1.95407724e+03, 1.02602495e+00, 2.07638359e+01
0.47558362187847963,   0.77823201, 366.91208277,   0.41974645,   9.55407375
0.8258038099485808, 10.        , 78.3655161 ,  0.2502427 ,  1.38642716
0.38045295196070383,   8.90649052, 185.1506556 ,   0.33002794,   5.70119592
3.2160298939200156, 7.08685563e-01, 1.06678648e+03, 6.44407614e-01, 5.92794862e-01
1.3444757361286293, 9.92552061e-01, 7.57105986e+02, 4.68445277e-01, 8.79155108e-01
2.12868863429196, 5.20384837e-01, 7.28233113e+02, 6.52670868e-01, 5.66072845e+00
0.8187823293075654, 1.07048812e-01, 2.44988907e+03, 1.36816370e+00, 1.27799346e+00
2.398314676684448, 6.88435847e-01, 1.11690743e+03, 8.11619598e-01, 1.00603445e+00
1.703432329347386, 3.98306402e-01, 4.39191200e+02, 6.75297272e-01, 9.00472899e-01
0.9995967432386194,   1.51621312, 148.37128926,   0.5654796 ,   0.93965475
2.636599416827209, 6.80768695e+00, 4.04290603e+02, 3.94452233e-01, 1.03008945e+01
0.8336738508533209,   8.81598128, 145.37292357,   0.30590299,   0.9675731 
1.4627182340497569, 5.84682633e-01, 3.74598997e+03, 6.80179762e-01, 1.50702159e+00
1.1587405924359877, 1.16772190e-01, 9.64413552e+02, 7.91668519e-01, 1.85977093e+01
8.1386282400518, 8.21618090e-01, 1.65705640e+03, 5.23027483e-01, 6.03292957e-01
1.232613896327746, 1.72189570e-01, 6.45496197e+03, 1.32268760e+00, 9.36636975e-01
1.7152525653044757, 1.39164584e-01, 1.97871754e+03, 8.24430559e-01, 9.18216591e-01
1.6615944635843118, 1.93103871e+00, 1.03901657e+03, 6.55921494e-01, 9.61998433e-01
1.4781184266138054, 7.00549861e+00, 1.07617629e+03, 8.66588030e-01, 2.01393165e+01
0.23108998869539557, 5.05346171e+00, 3.95329167e+02, 7.61808507e-01, 2.43514657e-01
0.3598121673794402,   0.61020122, 133.3243978 ,   0.36397406,   9.72009568
0.16398277675245138, 1.53974616e+00, 1.26198066e+02, 5.87878519e-02, 9.41462781e-01
0.4772402422481731, 2.37595575e-02, 1.10336812e+04, 5.52430443e+00, 2.94432358e+00
1.040449911730284, 9.11490708e-02, 1.70754587e+03, 1.11368662e+00, 5.43613424e+00
0.173776064575215, 3.77090384e-02, 2.91925603e+03, 6.84802585e+00, 1.03977707e+01
1.425114578094558, 4.31515569e-02, 3.08145468e+03, 1.32251915e+00, 1.24178547e+01
0.5087220231685068, 8.98402221e-01, 7.84598711e+03, 1.44256557e+00, 5.61759991e+00
0.37313566969324774,   0.6776226 , 570.3181567 ,   0.82864736,   0.94210702
0.7678936561416435, 1.40656657e-01, 1.70950468e+03, 1.04951159e+00, 1.00131717e+00
2.069592588761255,   2.53422647, 531.38812694,   0.58434463,  19.96542232
0.6539700540199194, 4.11414256e-02, 7.68916755e+03, 2.24202988e+00, 8.85381264e-01
0.11521835521439153, 3.07134488e-01, 1.24096140e+04, 1.26671658e+00, 6.88933647e+00
0.5813785970747065,   0.55714685, 432.73151884,   0.62041878,  15.09023004
1.6356765258347985, 4.33379390e-01, 7.01613981e+02, 7.91867329e-01, 9.87555864e-01
0.9947684173511789, 5.85300222e-01, 4.26951749e+03, 1.09709630e+00, 2.53536411e-01
0.752690738626406,  9.48072132, 91.03369731,  0.32119368, 15.12150703
1.368894632294745, 5.40523329e-01, 5.96973016e+02, 4.43510913e-01, 1.31362724e+00
1.709836142226691,   9.99898191, 153.83497042,   0.44383072,   1.11462047
0.6624288935561129, 7.60618236e-01, 6.36600519e+02, 5.83098347e-01, 2.42783551e-01
0.9264162368743417, 9.99999835e+00, 9.67076363e+02, 5.89916054e-01, 1.34637259e+00
0.14939478071926293,   8.07830883, 233.80808766,   0.30417329,   0.94703824
0.6974483765824824,   7.51088921, 125.4426458 ,   0.31846133,   1.02788537
0.24971458909076882,   0.6418855 , 256.00425801,   0.51331065,   0.94377069
1.0242396575574784,   0.8469299 , 463.51827042,   0.52452011,   0.78477211
0.697679365219471, 2.93975747e-01, 5.39166180e+02, 7.19946549e-01, 9.56064904e+00
0.632287033623374,   5.71739349, 178.96593805,   0.33142642,   1.10409746
2.225008617197146, 7.99017728e-02, 1.74740436e+03, 1.37511031e+00, 1.33990867e+01
0.18732880105511987, 2.55731014e-02, 2.69499335e+03, 2.35110881e+00, 1.20605981e+01
1.7490410389709117, 1.49459638e+00, 4.78348021e+02, 6.25423159e-01, 2.42791140e-01
1.2249131013787136, 1.39112569e-01, 6.57038589e+02, 4.82053928e-01, 5.78171065e+00
1.0162098015076633, 1.12355989e-01, 1.85350817e+03, 1.46009112e+00, 7.95964139e-01
1.587183533069039, 4.76846505e-02, 9.83523610e+02, 9.19137350e-01, 1.38719102e+01
0.5679022158584266, 6.30957335e-01, 6.72875582e+02, 1.29900651e+00, 9.99999994e-01
1.5534134394253485, 1.00000000e+01, 2.24034913e+03, 1.05599070e+00, 5.65970475e+00
0.9440944230426075, 5.70751153e-01, 6.05099063e+02, 4.35823632e-01, 9.40622774e-01
2.5908902752439555, 7.97782540e-01, 1.30574771e+03, 5.84507917e-01, 9.10159809e-01
0.14180716412353025, 1.09775312e-01, 3.00638511e+03, 2.53486964e+00, 9.22697998e-01
1.19524614868371, 6.86301963e-01, 1.74656163e+03, 7.97523982e-01, 9.77869268e-01
0.5415114485571041, 5.36770263e-02, 1.79074474e+03, 8.34160457e-01, 1.43195000e+01
2.974346699219484,  10.        , 176.92415149,   0.32505056,   9.93890242
0.11140959859968415,  10.        , 336.97712576,   0.47838692,   0.99852714
0.38878139777583814, 9.99999999e+00, 2.21047125e+02, 9.29388262e-02, 9.66876266e-01
0.9690197546864638, 4.50040447e-01, 6.77100958e+02, 6.20539539e-01, 9.44021028e-01
0.642074234996054,  10.        , 155.56905086,   0.27446017,   0.95562695
1.228714493248171, 3.84844288e+00, 7.96691503e+02, 4.65882607e-01, 1.13185338e+01
2.275656884357293,   4.94244392, 485.38979566,   0.5821433 ,   0.91585714
0.569815231918413,  10.        , 404.13079692,   0.45451228,   0.83438927
1.0336380859486725,   1.18369446, 430.6355759 ,   0.46852099,   0.9415955 
0.24350591825296541, 9.20947617e-01, 2.87504916e+02, 4.89902764e-01, 2.42313615e-01
1.3085156506978568,   1.70561662, 138.26523062,   0.51642957,   0.94463029
4.686828590590204,   8.60785342, 261.49004733,   0.45081488,   1.38455719
0.5312970445654832, 5.64587436e-02, 1.63414651e+03, 6.42794006e-01, 1.78909568e+01
0.8119401199486412, 1.00000000e+01, 2.83026506e+02, 3.71708828e-01, 2.44544417e-01
4.396155633587459, 3.79978457e-01, 7.78988058e+02, 6.52067803e-01, 1.31392150e+00
1.8715660115526918,   1.46378188, 273.4247817 ,   0.47156085,  14.95601588
0.6799414128770546,   9.73423124, 127.06280769,   0.31701479,   0.92513719
2.968964512413502, 8.88272225e-01, 1.61470867e+03, 5.71350780e-01, 1.10688864e+00
0.4161918197840353,  10.        , 368.58601958,   0.49954033,   0.92341721
1.3024012735633514, 1.08335195e+00, 1.31360296e+03, 6.30646666e-01, 1.62941159e+01
3.149678707974345,   1.11152361, 313.09479889,   0.6525389 ,   4.51175052
1.2777205503143139,   6.36704415, 479.53117747,   0.56121119,  15.42191264
0.3776444501312436, 1.00000000e+01, 1.95280875e+02, 6.69050719e-02, 9.39849249e-01
1.630550430145234, 2.36953278e-01, 7.30212282e+02, 4.96179079e-01, 5.55506059e+00
2.08102687733237, 6.30957344e-01, 6.72875572e+02, 1.29900649e+00, 1.00000000e+00
0.411503265767625,   2.90770201, 381.88664454,   0.44361191,   0.93969783
1.1410735801490137,   4.23046508, 219.56844117,   0.39457425,   0.83069392
0.24618727122815023,  10.        , 368.17746628,   0.43142974,   1.32877315
1.076140127837667,   3.38793966, 319.03042967,   0.5558066 ,   0.95488222
2.222114538671446, 2.79710810e-01, 7.10743547e+02, 1.13035769e+00, 1.95535760e+01
1.1858579175057509,   9.97664662, 120.90280108,   0.20833235,   5.61093451
0.839144749975453, 9.38747443e-02, 4.49120862e+03, 1.44682657e+00, 2.37088453e-01
0.3204240902014961, 5.77987272e-02, 1.80331398e+03, 3.47211965e+00, 1.07674613e+01
0.9769338948849609, 1.10637900e+00, 7.47334357e+03, 1.31034652e+00, 9.02579172e-01
0.7447194307286343, 9.98844227e+00, 2.03529798e+03, 6.61299278e-01, 9.36838828e-01
1.4784691226227182, 4.40625110e-01, 7.80506893e+02, 8.25246441e-01, 9.16851135e-01
0.848139694883847, 10.        , 72.26546797,  0.19329929,  1.38875852
0.15623393414105533, 4.33097195e-02, 6.20072202e+03, 1.84613319e+00, 1.25446194e+00
2.017414396898967,   1.59478269, 385.94049512,   0.5248928 ,   1.42522704
2.318329699616573,   9.22149297, 469.16174864,   0.49469659,   0.7285637 
1.6705760284480733, 9.58495560e-01, 3.02228380e+03, 8.02660405e-01, 5.81847541e+00
1.5284466317050391, 4.50284886e-01, 1.05515808e+03, 1.02169206e+00, 2.36783619e-01
3.3798148420158665, 1.10675258e+00, 1.65103672e+03, 7.09285386e-01, 4.52401513e-01
1.0954586538330466,   1.64799002, 129.74435602,   0.2752261 ,   0.94122188
4.6367556645727275,  10.        , 336.03549842,   0.67321261,   0.97951836
0.7888042049252509, 4.49943818e-01, 4.54882301e+02, 6.39687902e-01, 9.83908836e+00
2.0886572106563395, 1.55212624e-01, 5.29803262e+02, 6.48841261e-01, 1.19207576e+01
1.753189291710512,  9.99994847, 92.96305032,  0.31459778,  9.96779937
0.004452085717398087, 1.55103910e-01, 1.02309714e+03, 1.48702813e+00, 1.96248797e+01
1.3327294965912673, 5.88894311e+00, 1.61516145e+03, 6.47638851e-01, 9.77064724e-01
0.8734346312838068, 3.62344023e-01, 8.22339579e+02, 9.39148482e-01, 9.33678588e-01
0.2983673673324689,   0.64002421, 225.9422263 ,   0.64910152,  17.86342234
3.5402864586375498, 8.03984211e-01, 1.29747235e+03, 6.42756401e-01, 1.69924316e+00
1.433462881488418,   6.09922067, 165.84966481,   0.45386458,  15.13317535
0.8450443426789198, 5.44025413e-02, 4.58281818e+03, 1.46617693e+00, 1.96743756e+01
1.5355063360517036, 1.13792839e+00, 1.58457420e+03, 5.93335146e-01, 1.00156818e+00
1.6001686101191608, 7.83571566e-01, 2.05844727e+03, 5.78950976e-01, 6.56925651e-01
0.3204450458472602, 6.51172243e+00, 3.03030295e+02, 2.71017565e-01, 9.54879383e-01
0.27038334944752834,   7.60618736, 480.10786296,   0.58296491,   0.92678353
0.7731928854781165, 1.00000000e+01, 1.97671531e+03, 1.04447819e+00, 1.86731798e+01
0.06972156473931201, 1.86800166e-01, 5.17588276e+02, 4.15523849e-01, 1.97315961e+01
0.8336738508533209,   8.81598128, 145.37292357,   0.30590299,   0.9675731 
1.420251837734528, 9.10212159e-01, 4.20514712e+03, 9.16624951e-01, 1.01183581e+01
0.4016227128493216, 3.61327047e-01, 2.07144299e+04, 2.50918182e+00, 1.17633382e+01
1.4706868515626008, 5.10525460e-01, 7.05160053e+02, 9.00992470e-01, 9.40119328e-01
2.6074841581666734,   0.98451532, 385.57749052,   0.51190437,  19.86750919
2.1906174906070803, 2.68073835e-01, 1.01725948e+03, 7.18178273e-01, 1.30100240e+00
0.18661573201831508, 1.54008099e-01, 7.55738208e+02, 4.47996041e-01, 9.53406958e-01
0.9302076021811684, 4.24142658e-01, 9.79464366e+02, 8.48650882e-01, 8.60122975e-01
0.9113415029304504, 1.27956458e+00, 5.05170285e+03, 1.21351617e+00, 1.01902765e+00
2.179076661538309,   0.82729924, 520.53496271,   0.77986394,   0.94208353
5.999213852740453, 8.26417165e-01, 1.71950774e+03, 5.15051805e-01, 5.30972666e-01
1.7047714881376683,   3.33015222, 316.30762573,   0.38600275,  19.73086915
0.43798976464950995, 2.24994054e+00, 3.32450488e+03, 1.43674726e+00, 1.92765369e+01
2.460016547677385, 2.67388405e+00, 8.97838668e+02, 5.94146560e-01, 1.54559366e+00
0.3309445646995054, 4.06313655e-01, 9.68945803e+02, 1.19177021e+00, 9.43261761e-01
1.9767016068529732, 1.65591333e+00, 1.41360769e+03, 8.25572943e-01, 8.65497735e-01
1.1597485638741725,   9.999998  , 158.68560723,   0.35768656,   0.25681329
1.2899052863754328, 5.52839180e-02, 2.34414523e+03, 1.93693700e+00, 6.44689321e+00
0.9527708945886934, 1.33765418e-01, 1.43290048e+03, 1.24488149e+00, 8.34580883e-01
0.06091524523359748,   2.87101911, 418.32108311,   0.61152935,   0.94277658
0.22695981641844298, 2.00306192e-02, 6.78576513e+03, 1.86014557e+00, 1.21110675e+01
1.5726283567182944, 1.00000000e+01, 2.68747326e+03, 8.82196080e-01, 8.40226510e+00
0.3862103552991727, 1.96983845e-01, 2.74079743e+04, 2.69221116e+00, 9.46344476e-01
0.20235512822643845,  10.        , 331.57006597,   1.04721409,  14.93659653
0.0176061180897305, 1.16717559e-01, 7.45138691e+02, 2.36990061e+00, 9.27251589e+00
0.4657927614851096, 3.79992464e-01, 1.73033865e+04, 2.04417761e+00, 7.85319460e-01
1.234534736624854, 3.56271562e-02, 2.46720621e+03, 2.80680089e+00, 1.12715548e+01
0.7069089902699428,   8.1618884 , 254.87317558,   0.49449219,   0.94782646
1.4786248057700606, 1.74340848e-01, 9.29740612e+02, 9.71954083e-01, 8.18177003e+00
1.8573066506510663,   0.71836189, 173.49247775,   0.36907149,   1.25692259
0.35358529128017374, 5.81776753e-01, 6.18617229e+02, 9.05392996e-01, 9.42452126e-01
2.7563104549063517, 8.95198078e-01, 1.29454113e+03, 7.20298852e-01, 7.28521435e-01
1.6695369285000137, 5.42007401e-01, 8.64950021e+02, 8.29515893e-01, 4.77130941e+00
1.0973965672866932, 1.05908337e+00, 1.47487868e+03, 1.27453264e+00, 1.06866341e+00
1.4711360864998146, 4.09668186e-01, 6.21833125e+02, 4.65071294e-01, 1.98017590e+01
0.6786893943306069, 4.27179631e-01, 7.69983650e+02, 1.16896707e+00, 9.46146776e-01
0.8157957891616314,   9.94927569, 189.31399797,   0.34976959,   9.80074538
1.005437493770047, 1.86276070e-01, 2.28557888e+03, 1.24030742e+00, 2.39506373e-01
0.32048916981974285,   0.50946204, 402.06599244,   0.67727721,   9.67645007
1.0285303757916333, 1.38883780e+00, 4.12042134e+03, 1.33073847e+00, 1.92000760e+01
2.3163633110739297, 2.15026577e+00, 6.28034075e+02, 4.50681608e-01, 9.98209689e-01
0.48128974723665924, 5.51508210e-01, 8.63962274e+02, 8.64567006e-01, 2.42320826e-01
0.17340342429681296,   0.94969009, 201.13169539,   0.6714499 ,   0.93743393
3.1607881266614456e-05, 3.40880164e-01, 6.60416687e+02, 1.30296460e+00, 5.64149409e+00
0.03564975478239856, 1.94863288e-01, 3.96902443e+02, 1.32619196e+00, 9.19315708e+00
0.10061443682555468,   4.83751747, 391.50569636,   0.81397859,   0.91121592
1.6404360729368603,   2.16344216, 222.0250291 ,   0.4375775 ,  19.82674199
2.036626205286486,   0.47779026, 375.790533  ,   0.4827719 ,   0.89979518
3.511026003811072, 2.24429781e-01, 3.40163823e+02, 5.36164448e-01, 1.30154906e+01
0.853224457427238, 3.69997992e-02, 6.51791121e+03, 5.94183901e+00, 5.39324487e+00
1.1517625262165052, 2.17139995e-01, 1.29456437e+03, 6.72263242e-01, 9.28671425e-01
4.629910638567052, 4.28533903e-01, 9.59494102e+02, 8.97020391e-01, 8.63273918e-01
0.7220396543478803, 1.98376572e-01, 7.09960440e+02, 8.72397641e-01, 1.48425494e+01
0.07352197342674796, 3.34122591e-01, 4.18671052e+02, 4.34652873e-01, 9.70656069e-01
3.090864458574226, 6.22353353e+00, 5.84463692e+02, 5.32219841e-01, 1.18450803e+01
1.9587432909452323, 4.60843372e-01, 3.36314046e+03, 8.33207190e-01, 8.61331788e-01
0.9070934956215744, 6.52486160e-02, 2.52311050e+03, 1.40711362e+00, 9.14210167e+00
3.095049645052736, 3.18938187e-01, 1.01323322e+03, 6.39403407e-01, 9.75703647e-01
1.2271414289898581, 1.94037454e+00, 4.25130294e+02, 4.34486324e-01, 2.42803620e-01
1.819086553543847, 7.94337342e-02, 1.38782725e+03, 7.75756097e-01, 1.76833637e+01
0.9291731753868835,   9.89745346, 123.25989867,   0.27860369,   9.23038114
1.2401447153283138, 1.24185198e-01, 2.37420298e+03, 1.24386860e+00, 9.08881961e-01
0.7145691306884603, 1.64243870e-01, 1.91814767e+03, 2.32913894e+00, 1.28140431e+00
1.726885661890369, 2.38270981e-01, 1.20290503e+03, 1.06073082e+00, 1.29223899e+00
1.544035962793163, 1.25455744e+00, 1.73487117e+03, 7.21135148e-01, 1.05217798e+01
0.618412274991879,   0.51357309, 314.01311873,   0.65320894,   0.94516578
2.6922090980817974,   9.94711705, 623.94049963,   0.70990331,  14.12773621
1.1177789896737935, 4.36634367e-01, 6.85555652e+02, 7.55096628e-01, 8.96694326e-01
2.68683130202202, 2.43256789e-01, 9.38862800e+02, 7.80727046e-01, 5.60881553e+00
2.133318545929743,  4.1207609 , 93.07087043,  0.27028349,  0.94197625
1.5120078165052953, 6.27845895e-01, 5.19612740e+02, 4.94646302e-01, 9.44171649e-01
3.57798088873357,   9.99995836, 290.89454028,   0.40451949,   9.71291345
0.29678124907569925, 2.51909729e-02, 2.36306716e+04, 1.00000000e+01, 9.01945726e-01
0.9394007234793302, 8.99406395e-01, 1.77862216e+03, 5.04007680e-01, 5.31178955e-01
0.41735275974052444,   2.61199313, 405.64540676,   0.54837001,   0.94224778
0.565679703409911, 2.91348556e-01, 1.23235305e+03, 1.03418630e+00, 9.40789554e-01
2.576283922011185, 1.54999961e+00, 4.99321609e+02, 4.18181025e-01, 2.42667588e-01
1.450442542691607, 2.15725164e-01, 6.32790807e+02, 7.79945989e-01, 9.87187360e+00
0.2553060971184916,   4.82510427, 243.08797856,   0.48617567,   0.90991098
0.813166858635494, 1.48134366e+00, 5.85034446e+03, 1.23773628e+00, 9.20034278e+00
0.23344477199144043, 1.33568983e+00, 6.06907226e+02, 4.44848361e-01, 2.42801417e-01
0.2755064415511144, 1.30670022e-01, 7.35763335e+02, 4.78912703e-01, 1.03737651e+01
0.8655476997198119, 1.44734269e+00, 9.78197594e+02, 5.36056519e-01, 1.36546527e+00
3.896393180125971, 6.26210241e-01, 9.36239466e+02, 9.33713011e-01, 9.85764187e-01
0.08380661703232435, 1.03892670e+00, 4.28179006e+02, 3.59876422e-01, 9.42102502e-01
1.919540701669666, 2.00403394e+00, 3.57097477e+02, 5.32399180e-01, 2.39274503e-01
0.4348779500045581, 1.86257265e+00, 4.25095358e+02, 4.03817778e-01, 2.42988122e-01
1.734623733306578e-05, 1.91622447e-01, 6.90328222e+02, 1.31677355e+00, 1.96514974e+01
3.069513677990147, 1.32175618e+00, 1.22575375e+03, 8.23837678e-01, 9.72341243e-01
0.14048874426130942,  10.        , 356.57946238,   0.91414825,   5.59857696
0.5950107034741924,   1.56424227, 432.13919972,   0.63109563,   1.31785752
0.6108529564478814, 6.62624399e-02, 2.20416599e+03, 1.50261979e+00, 1.40787635e+01
1.6057552569815132,   3.96997073, 398.83193427,   0.54763479,   0.94788426
0.7470911240654176, 5.94188565e-01, 2.86867121e+03, 8.23990157e-01, 2.07927098e+01
3.5329963613763713,   2.87980755, 440.32700281,   0.51541004,   1.36825686
0.17411092482749554,   0.83865093, 200.94446044,   0.6701773 ,   1.30969122
0.2836038407682264, 2.47614551e-02, 3.45326805e+04, 1.00000000e+01, 2.42410555e-01
3.1270241192781727, 1.53548694e+00, 9.68951120e+02, 5.86304182e-01, 1.24440190e+00
0.6785136208209485, 3.76814966e-01, 2.14661260e+04, 2.00838905e+00, 8.52799084e+00
2.5056418847736546,   0.619504  , 311.85703807,   0.50770705,  20.62318184
0.5401071250074525,  10.        , 200.41040411,   0.30882954,   9.84736849
1.4274911478703252,  10.        , 181.77051318,   0.49398286,   9.82883746
0.17297531654580572, 4.95094814e+00, 3.77005442e+02, 7.45952083e-01, 2.38757075e-01
3.178136297127885,   9.99999986, 176.50778804,   0.4070367 ,  14.79727731
0.0992738309717966, 6.04004353e-02, 5.25365945e+03, 1.62799801e+00, 9.26970591e-01
3.9533444458494613, 2.68506512e+00, 8.34217012e+02, 5.85848601e-01, 5.20036019e-01
4.034530054743729, 7.52762099e-01, 1.25504113e+03, 6.60317829e-01, 7.20280695e-01
0.10866493017452297, 4.67493778e-01, 5.79477281e+03, 8.02485535e-01, 9.61142658e+00
4.000227854008917, 2.69891368e+00, 1.03333089e+03, 8.25802088e-01, 1.45076769e+01
1.3805887434966377, 9.97927675e-02, 3.92210309e+03, 8.40114550e-01, 9.07155957e+00
1.171167276804685, 3.62410242e-01, 8.55027893e+02, 1.16041162e+00, 9.46936220e-01
1.1605898337616882, 4.86450358e-01, 8.41687494e+02, 5.87546693e-01, 9.41487406e-01
1.9849818422879482, 1.30406844e+00, 3.15447364e+03, 1.43232896e+00, 1.10827610e+00
0.2101864999542735,  10.        , 311.95022766,   0.39788919,   1.32268259
3.056160933015536, 2.15158766e+00, 1.37638382e+03, 1.02792549e+00, 1.96139371e+01
1.470800383572372,   0.79309989, 420.65911973,   0.42372276,   9.65423692
0.23347043033763037, 1.78510414e+00, 4.51529390e+03, 1.81537186e+00, 1.25157218e+01
0.5021662160894943, 3.32221897e-01, 1.00997648e+03, 6.75502574e-01, 9.44103771e-01
0.19890392936513474, 4.59057689e-01, 7.17519040e+03, 1.13364115e+00, 9.09199295e-01
0.01488021756133844, 4.64333533e-01, 7.22780598e+02, 1.29532224e+00, 1.31737063e+00
0.8220640907557418,   0.71685893, 707.01962958,   0.77226753,   0.94189247
0.2988657773519141, 8.86696296e-02, 3.21908881e+03, 1.25397543e+00, 9.05431741e-01
1.1675881305212443, 2.71029522e-01, 1.06547669e+03, 1.13528837e+00, 9.44507574e-01
0.3728348749454966, 1.03650780e-01, 1.72002923e+03, 7.15380708e-01, 8.21639469e-01
1.9147410590885887, 5.05778160e-01, 7.20777807e+02, 7.55381303e-01, 9.38729940e-01
0.6537733630242784, 3.36366214e-01, 8.95361447e+02, 7.46887022e-01, 9.38432550e-01
2.093366389567141, 4.68781782e-01, 6.88659381e+02, 9.48740159e-01, 5.66796978e+00
1.2959519899051672, 1.83403399e-01, 1.72957432e+03, 1.39874098e+00, 9.13027160e-01
0.10061443682555468,   4.83751747, 391.50569636,   0.81397859,   0.91121592
0.0228703564639212, 2.05963645e-01, 7.13282210e+02, 1.27178794e+00, 1.50056060e+01
0.524112427685204, 2.50194913e-01, 5.32536638e+02, 5.30384915e-01, 1.00087323e+00
0.3685591652537955,   9.98570552, 241.02165197,   0.49759824,   0.92795252
0.6603296409061239, 5.66253378e-01, 6.10345976e+02, 7.74696907e-01, 9.42515177e-01
0.4423513308376983, 1.36317770e-02, 1.77625757e+04, 5.17472894e+00, 1.13257654e+01
7.399547160634145e-12,   0.66978021, 633.87592236,   1.2990058 ,   0.94204386
0.23927740019188673,   0.85176036, 200.23840087,   0.36181683,   0.94016763
2.358028488730297, 7.91599859e+00, 1.03074432e+03, 5.35200870e-01, 1.07679969e+00
0.31711842119333,   3.36331619, 267.18243799,   0.2752779 ,   0.93736991
0.5234798746525863, 2.61874132e-01, 1.25800814e+03, 9.06355950e-01, 2.41835025e+00
0.6539467226329082,  9.9999985 , 96.0451761 ,  0.23540638, 14.99547195
1.299470870580887, 1.17876330e+00, 5.42731651e+02, 5.29863220e-01, 9.42066426e-01
0.5370593956136315, 2.26279561e-02, 7.14817190e+03, 3.33875092e+00, 5.92285839e+00
0.23835223715602646,   3.79760121, 469.37163149,   0.57494366,   0.94986772
0.698220169783625, 2.52081632e-01, 7.07670034e+02, 9.60324001e-01, 9.79804080e+00
1.2866005901851096,   0.277249  , 255.2791873 ,   0.48311048,  13.66217318
2.6051170339689973e-05,   1.06450487, 764.97815089,   1.27924787,   0.94203429
1.2154122847857989, 4.38845216e-02, 2.59358079e+03, 1.31966637e+00, 1.66257575e+01
0.324901355598498, 3.03935211e-01, 9.11591092e+02, 1.22599278e+00, 1.32537176e+00
1.0046432153045561, 8.18530258e-01, 6.16473207e+02, 4.73587202e-01, 9.43476103e-01
2.228834040916856, 1.75661029e-01, 4.11142403e+02, 5.34513094e-01, 1.61535140e+01
0.09607080127215814, 7.23329083e-02, 4.23765280e+03, 2.51928123e+00, 7.35643815e-01
1.061197317249486, 2.67032142e-01, 1.10153593e+03, 7.38709194e-01, 9.31768976e-01
1.3075536810469415, 9.31175273e+00, 8.32593784e+02, 6.28222659e-01, 2.38944616e-01
1.0735127264039335, 8.72926365e-01, 6.11103743e+02, 7.13656635e-01, 2.42208080e-01
0.5958592531322684, 5.83702640e-01, 3.81530930e+03, 1.43764219e+00, 8.48231242e-01
1.6239267358347511,   6.49624549, 358.80091699,   0.51384462,   0.94844523
2.2439492403804655, 3.96545453e+00, 9.97593046e+02, 7.86917185e-01, 1.24275452e+00
0.44622416522589603,   9.99999985, 157.54992612,   0.40623172,   0.96795981
7.399547160634145e-12,   0.66978021, 633.87592236,   1.2990058 ,   0.94204386
0.6546975705546662, 9.28896816e-02, 2.99538476e+03, 1.50577532e+00, 9.39929925e-01
0.1350604252836953, 1.00000000e+01, 2.97145860e+02, 1.31373263e-02, 9.42954473e-01
0.7298093845666723, 2.29027172e-01, 7.19208673e+02, 5.46240712e-01, 5.59324062e+00
0.2543586421715981,   5.81467077, 311.54103928,   0.58367251,  15.09257668
0.07263586472014892, 10.        , 70.08194789,  0.21488848,  0.95223949
0.9506725832134726, 9.94156823e-02, 1.28829157e+03, 6.83126422e-01, 9.27879708e+00
0.9916814229589118, 1.26141228e-01, 8.00836006e+02, 5.15017187e-01, 1.89855249e+01
1.8711062470984332, 5.90532891e-01, 6.42803739e+02, 7.38946574e-01, 9.40208000e-01
0.5128719069080335,   4.20220256, 455.32718496,   0.48994409,   0.92782804
1.2984455221160522, 1.64454328e+00, 3.36029726e+03, 8.22154732e-01, 9.95838580e-01
0.15246966566664918, 4.83164973e+00, 3.39727184e+02, 4.65559603e-02, 5.44417915e+00
0.029044761466234185, 8.40203604e-02, 1.03430314e+03, 2.92736656e+00, 1.30305432e+01
0.8081229151816686, 8.72678437e-01, 2.61948435e+03, 1.00979052e+00, 1.09675860e+00
2.390623053525143e-05, 2.71470752e-01, 8.16007170e+02, 1.28025560e+00, 1.96531427e+01
1.002465332949664,  10.        , 100.14506646,   0.27475682,   0.97284677
0.7663144902338298, 7.20756923e-01, 6.91037076e+03, 1.40464486e+00, 9.35372952e-01
1.455888249718529,   1.72957776, 397.69919085,   0.42742644,   0.94221884
0.01287809422802199, 6.90018576e-02, 6.64541877e+03, 1.65923851e+00, 2.41696667e-01
0.7120134335323645,   2.06879867, 260.27166394,   0.33171668,  15.07934584
0.3832761800898955,   0.75597659, 295.14917204,   0.36769542,   0.98006819
0.2227202457308132,   1.13707372, 598.8707319 ,   1.22228249,  15.10937693
1.956178100197864, 6.30957328e-01, 6.72875593e+02, 1.29900650e+00, 9.99999990e-01
6.2570667193700125, 8.43381631e-01, 1.84537882e+03, 4.80396005e-01, 4.69837617e-01
1.29613703063427, 7.34447660e-01, 1.09850527e+03, 6.25489508e-01, 5.05567896e-01
1.7695879235536351, 6.30957333e-01, 6.72875582e+02, 1.29900652e+00, 9.99999993e-01
1.9925208841576783, 1.05058985e-01, 8.28541434e+02, 9.77051033e-01, 1.39608355e+01
3.997815892912133,   3.09378396, 549.89472362,   0.681341  ,  18.65093308
0.20569907449869812,   0.49188243, 163.71675944,   0.55321415,   9.60552761
0.4369789146649867, 3.05596267e-02, 6.84607177e+03, 4.94861616e+00, 5.16241098e+00
1.0389680971410549, 3.05923828e-01, 9.47939067e+02, 9.94587820e-01, 9.48275495e-01
1.6578186738994436,   8.47007052, 209.18987665,   0.27182341,  19.6108921 
1.7916916903640605, 6.15767283e-01, 6.57249281e+02, 7.99272488e-01, 9.40401000e-01
0.7726075431013476, 4.33813973e-01, 1.19281730e+04, 1.45269524e+00, 7.30726859e-01
0.5761243346231081,   6.99008684, 150.43437954,   0.27757   ,   0.99868987
2.8195064708781628, 8.16440276e-01, 1.14353339e+03, 7.79356215e-01, 8.12759836e-01
2.2287034063934548, 2.74584658e-01, 6.09617082e+02, 5.91861168e-01, 1.44294660e+01
0.7321551257275074,   9.99999994, 222.78501526,   0.53232027,   0.90674784
0.8777695505502601, 3.31801655e-01, 1.17638579e+03, 1.11026188e+00, 9.38164347e-01
0.0039352188741070965,   0.73055342, 588.54253997,   1.12246976,   0.94207063
3.1607881266614456e-05, 3.40880164e-01, 6.60416687e+02, 1.30296460e+00, 5.64149409e+00
1.4343351599391305, 3.87617466e-01, 4.47210494e+02, 4.81297854e-01, 9.86692494e+00
0.5345381515728703, 1.32602322e-01, 1.87651680e+03, 5.85562836e-01, 1.67473729e+01
0.1946908619091199, 2.88354576e+00, 3.23107468e+03, 1.49750291e+00, 9.18278293e-01
0.3643945460668933,   0.59812349, 585.09297278,   0.63369088,   9.83701787
1.3822102930035665, 1.42304146e-01, 7.92985062e+02, 4.96580637e-01, 1.46498050e+01
2.7278273773320088, 2.90216331e+00, 7.81551982e+02, 6.50682092e-01, 9.81694938e-01
1.7833359672821703, 4.36434821e-01, 4.63063664e+02, 8.18763377e-01, 5.52247228e+00
1.0286702083676242, 2.88660843e-01, 1.02490755e+03, 1.11626225e+00, 1.30478660e+00
1.291492040555036,   9.99013203, 371.30148422,   0.52808028,   1.01446113
0.2138760681805238, 2.33454565e-01, 5.34847564e+02, 3.90326436e-01, 9.89843690e+00
0.4133308317271618, 1.47671703e+00, 7.79401616e+03, 2.12046938e+00, 1.26730420e+00
1.3619318187015237, 1.68360212e+00, 1.10998042e+03, 8.19587192e-01, 2.11731781e+01
1.8672186891083888, 1.01717052e+00, 1.85656356e+03, 6.43370546e-01, 4.93619963e-01
1.54621742536985, 1.22292985e+00, 1.65412075e+03, 6.49625286e-01, 9.86106892e-01
1.874000343884505,   7.0864011 , 159.30730189,   0.47287145,   1.32836227
1.357092923240883, 7.48197577e-01, 1.85833758e+03, 6.77517626e-01, 1.99187182e+01
3.1530842276008353,   9.08299563, 197.83190986,   0.32925362,   0.82603783
1.1933101964584663,   0.62359295, 534.68083536,   0.64594894,   1.31832979
0.38906589718479595, 2.82276044e-01, 1.08040816e+03, 1.44014038e+00, 9.49685649e-01
2.295571371341974, 3.30857621e-01, 7.75857929e+02, 6.86375195e-01, 1.14959504e+00
0.16706316299696677, 1.95128370e-01, 6.26273685e+02, 6.21744861e-01, 9.95377680e+00
0.846166069113397, 9.99999999e+00, 2.40802287e+02, 1.52248682e-04, 9.34601435e-01
1.6936871388147918, 2.13027805e-01, 1.59645144e+03, 1.08554009e+00, 1.45519674e+00
0.029514636520025245, 1.14181412e+00, 3.95617875e+02, 2.52510768e-01, 1.31786781e+00
0.6954114506527501,   0.50479297, 158.16193106,   0.54300655,   9.65521125
0.222980095432878,   4.70087847, 576.69759197,   1.23365687,   0.94267069
3.8538913968167825, 5.96264015e-01, 7.83204410e+02, 5.86571840e-01, 8.99136465e-01
0.8706282826243361, 9.99536332e-02, 1.33612412e+03, 9.37767026e-01, 9.30219695e+00
0.5479670211754655, 2.16717209e-02, 1.28128296e+04, 5.70578398e+00, 2.81912493e+00
1.9713590561711112,   1.67397743, 219.12640316,   0.82207606,   0.33829186
2.773217042664461,   1.09817178, 534.41370317,   0.69317007,  19.6627968 
0.1273489931066179, 1.11279047e+00, 1.03863952e+04, 1.14776138e+00, 1.56495493e+01
0.6630915295746941,   9.99999988, 224.42846212,   0.80711116,   0.25013668
0.3138854076162158,   2.25074245, 118.17690325,   0.35965372,   0.94172906
0.7720170222249325, 1.38898740e-01, 7.93275578e+02, 6.45331843e-01, 1.89952852e+01
1.7582800241706478, 2.38467587e-02, 9.84660777e+03, 5.09717621e+00, 6.62278693e+00
0.23630376313584212,   4.6097289 , 630.93989649,   1.27435819,   0.83856069
0.6862257531756178,   1.66649587, 598.21740042,   0.66909047,   0.94223691
0.5906613756931434, 5.39183206e-01, 5.81582985e+02, 4.14716870e-01, 9.43173251e-01
0.9581219630108864, 9.93132103e+00, 3.38442212e+03, 7.15385825e-01, 1.18313467e+01
4.276193921186543, 1.52267577e+00, 1.78052215e+03, 6.30088519e-01, 6.57612152e-01
0.6009893413809332, 3.19590916e-01, 5.20788270e+02, 7.55131543e-01, 9.83604108e+00
2.055038719141499, 8.26674060e-01, 1.05506219e+03, 5.59977598e-01, 1.08123037e+01
1.220417260560943,   1.62868358, 412.12455301,   0.49015431,   0.94199828
0.30036127859126943,   3.36399403, 414.92535691,   0.60987917,   0.94265883
1.198538933975136,  10.        , 225.72393077,   0.31994473,   0.95307825
0.0030977792505688783, 2.53771676e-01, 5.87128624e+02, 1.10448872e+00, 1.96453558e+01
1.240915032711866, 4.30945939e-01, 7.26420859e+02, 4.92262087e-01, 9.38344789e-01
1.2843296163182922, 4.16790643e-01, 7.78424776e+02, 6.34938155e-01, 9.30742407e-01
2.759903371530052,   1.73430622, 414.91101582,   0.5790749 ,   0.9396839 
1.725341057662306, 6.07004650e-01, 2.77248205e+03, 9.25987680e-01, 4.43285952e+00
0.13341952015134864,   9.99999998, 477.62573452,   0.61823207,   9.73558907
0.3176525138404259, 6.04691147e-01, 7.51016877e+02, 6.60388198e-01, 2.43853763e-01
1.4012203173475826, 1.52214152e-01, 1.09417803e+03, 7.32884902e-01, 5.44553513e+00
1.1965587487120717, 3.91978378e-01, 8.04627201e+02, 6.02563421e-01, 9.36495279e-01
1.0791843579358433,   0.74484328, 706.07885567,   0.95615132,   1.00628827
0.08380661703232435, 1.03892670e+00, 4.28179006e+02, 3.59876422e-01, 9.42102502e-01
0.23035879252053634, 8.95172900e-02, 5.54889277e+03, 3.13380519e+00, 2.38238605e-01
1.7300077530714433,   3.83160386, 336.95211603,   0.56274346,   0.83502298
2.9914032212594046,   2.81103889, 467.16405152,   0.56928339,   9.68950317
0.3621642754344114,  10.        , 243.59957099,   0.49189619,   5.57881403
0.4423513308376983, 1.36317770e-02, 1.77625757e+04, 5.17472894e+00, 1.13257654e+01
0.20590590679274556, 3.18683333e-02, 1.02100276e+04, 6.22767614e+00, 7.43308418e+00
1.7651786210661895, 2.00448753e+00, 1.02954776e+03, 5.11482600e-01, 1.14609727e+00
0.7293532861741904, 1.91213277e-01, 1.44195666e+03, 1.00211170e+00, 1.33342802e+00
2.747603856430082, 2.71228384e+00, 8.45945678e+02, 6.01921607e-01, 2.02960250e-01
10.431180502261652, 6.34668187e-01, 6.74529509e+02, 1.28781680e+00, 1.00302172e+00
1.6062966376474912, 7.93806852e-01, 1.14061814e+03, 6.85975541e-01, 7.43390783e-01
0.6679844149368944, 1.08339931e+00, 4.53548596e+02, 3.61067055e-01, 9.41956554e-01
5.245841628223795, 8.21857886e-01, 9.41736564e+02, 6.59467662e-01, 6.60581089e-01
1.0626415859935487,   7.22187989, 128.07084496,   0.28940524,   0.85989845
1.6946824372791238, 4.09102475e-01, 7.99843052e+02, 8.42501667e-01, 9.38524475e-01
0.7280573070903289,   9.99999998, 297.95949039,   0.36471461,   9.75545519
1.0479488253488536, 5.54017109e-01, 6.45595444e+03, 1.27791276e+00, 3.88539620e+00
0.7919368815913351, 1.57932475e-01, 8.98866533e+02, 7.78043015e-01, 9.54192868e+00
2.6915309382454855, 7.45546597e-01, 4.23595681e+03, 9.06249743e-01, 1.54413269e+00
1.423671700813754, 1.80183095e-01, 1.03336081e+03, 9.79732163e-01, 1.86029818e+01
0.8465976641097546, 1.01108089e-01, 2.37206861e+03, 8.09279272e-01, 1.28101259e+00
0.2126697202634269, 1.49550385e+00, 4.02554150e+03, 1.85729745e+00, 1.00748110e+00
2.481441316347173, 1.58900919e+00, 1.21819924e+03, 5.73947690e-01, 1.98892733e-01
0.014881089444848821, 7.40789685e-01, 7.95774508e+02, 1.30221747e+00, 9.42072432e-01
2.0630025006377206,  10.        , 206.27372746,   0.48071729,   1.01157218
1.3200904668365339, 10.        , 86.92307829,  0.30120872,  0.99563803
0.43181920389588135,   3.1600401 , 399.7439326 ,   0.61821145,   0.94959291
2.459828801473497e-05, 3.10308331e-01, 8.08927645e+02, 1.27988801e+00, 1.50829597e+01
0.8499237949792687,   1.35729615, 386.9207126 ,   0.4365958 ,   0.86176029
0.5075657279239303, 8.79890883e-02, 1.12042094e+03, 8.68835438e-01, 1.87670727e+01
2.7704965722482027,  10.        , 331.69008058,   0.62755342,   1.34420957
1.4060061492190248, 6.30957338e-01, 6.72875580e+02, 1.29900650e+00, 9.99999996e-01
3.2698858169212075, 9.03463986e-01, 1.40462070e+03, 6.79260114e-01, 1.93536576e+01
2.3500311396670126,   2.47177764, 431.84933788,   0.47075609,   0.9476675 
1.0887272208766394,  10.        , 125.21680024,   0.36752933,   1.03640195
1.5913858231999636,  10.        , 135.69551011,   0.29196145,   0.97653598
1.5269840213547279, 1.91173811e-01, 1.25895439e+03, 7.73726126e-01, 2.00449071e+01
0.9364749821868911, 1.95679216e-01, 2.06009415e+03, 8.71294949e-01, 2.41001593e-01
0.26344530240629627,   0.38951101, 276.81528284,   1.23347686,   5.40518955
0.27194573954057993, 2.65703570e+00, 3.24869224e+02, 3.07033066e-01, 1.00141149e+01
2.937873767543929, 2.97898686e-01, 1.02181503e+03, 8.09972760e-01, 9.33219830e-01
1.0689633225248512,  10.        , 220.56241926,   0.3346353 ,   0.95481417
0.5629396305203922, 3.70974132e-02, 1.94692756e+03, 1.21434411e+00, 1.80727584e+01
0.8378947513401738, 3.64778651e-01, 7.88589929e+02, 6.84568552e-01, 1.31095588e+00
0.8894615456808278, 9.24720691e-01, 6.35378238e+02, 5.16947818e-01, 3.01642471e-01
2.724523930227731,   4.0975737 , 305.06912321,   0.4052115 ,   0.96512876
1.2189332979948404, 1.15925674e-01, 2.48496360e+03, 1.21254533e+00, 9.11783165e-01
0.30270734938757426,   0.51591074, 150.14360146,   0.42781377,   9.65575927
1.661915911267131, 1.80434692e-01, 7.38614925e+02, 7.84736097e-01, 1.91902410e+01
0.3140876781803309,   0.86309703, 225.5474862 ,   0.8586952 ,   0.93494487
0.15388153115699224,   8.23515726, 456.25577928,   0.62677878,   0.94247831
0.23714492857606245,   9.99999997, 278.45141425,   0.5987524 ,   0.95432968
1.192334198262228, 6.05227134e-01, 7.08278555e+02, 1.13990511e+00, 9.83189591e-01
0.6395645174352549,  8.25527373, 72.65187321,  0.24441204,  9.81520865
0.014837617944015483, 5.20818992e-01, 7.19443515e+02, 1.29516396e+00, 9.41777632e-01
0.10838839390038695,  10.        , 338.62575615,   0.50646509,   0.94569768
0.6009585717341605, 4.89810469e-02, 2.07875245e+03, 3.43199310e+00, 1.24992712e+01
2.014963120658196, 3.18716321e-01, 5.25602355e+02, 4.79416140e-01, 1.04121981e+00
0.675624727601693,   0.60440202, 586.97484127,   0.78199406,   0.9426987 
0.5862197347056372, 3.91106126e-01, 3.98661802e+02, 7.96571654e-01, 9.58232482e-01
0.3803321677695177,   3.27835125, 383.64179848,   0.43101953,   0.90711771
2.41417475170708, 3.05682219e-01, 6.82081996e+02, 7.08702594e-01, 5.59571410e+00
1.5240685025893752, 1.32799420e-01, 3.63218222e+02, 5.62500338e-01, 1.68608254e+01
1.3158747414577883, 2.98668174e-01, 1.00740405e+03, 1.06449694e+00, 1.30230439e+00
0.9373969615874861, 1.19652965e-01, 2.17179260e+03, 1.24637000e+00, 1.28174087e+00
1.5278353787091425, 7.65656063e-01, 1.10686030e+03, 6.13899014e-01, 1.40401586e+00
0.8485261635660908, 5.52322985e-01, 9.24847263e+02, 8.87356132e-01, 1.00437339e+01
0.4777159880686286,   9.76297544, 124.50847896,   0.51619024,   9.73306199
1.0346316740941335,  10.        , 224.08504288,   0.59709998,   1.34093481
0.2297411658320881, 9.21303768e+00, 4.23946538e+02, 7.77351312e-01, 2.46841321e-01
0.13694257714112612, 2.11053462e-01, 2.83567248e+02, 6.83852435e-01, 9.69015941e+00
0.45334743559595114,  9.94199089, 87.92965947,  0.20091338,  1.32058474
0.1569176759155912,   0.9438283 , 184.794847  ,   0.33484181,   0.94146769
2.9246994880093062, 4.60826783e-01, 7.16710607e+02, 5.76752705e-01, 9.38228394e-01
0.9517816489754222, 8.57123970e-02, 1.03388898e+03, 1.22514062e+00, 1.61250238e+01
1.3437846740632389,   9.52623186, 191.88740438,   0.50451884,   0.86316015
2.154262233034737,  10.        , 484.60084321,   0.66414994,   0.84624584
0.32826822293435626, 1.45884219e-01, 2.62250709e+03, 8.76122648e-01, 6.08535565e+00
0.027031788700413114, 1.00578895e-01, 2.65180985e+03, 8.96713463e-01, 1.30856057e+00
1.0210756668969558, 5.75947689e-02, 1.42767366e+03, 1.40748737e+00, 2.09811791e+01
0.5293305920376322,  10.        , 255.4241623 ,   0.45723934,   5.71812223
0.523703923412646,   0.68311967, 210.20780353,   0.31565677,   1.31622668
1.896112200067717, 1.16219124e-01, 5.76667777e+02, 4.88792281e-01, 1.19274081e+01
0.8379868688706684, 3.11426054e-01, 1.12364140e+03, 1.57942335e+00, 9.30856649e-01
2.039975943348577, 2.01782858e-01, 1.43551759e+03, 8.90659417e-01, 8.71376766e-01
0.22565451118403565, 5.41049849e-01, 3.85065017e+02, 3.80856151e-01, 1.96544117e+01
0.4282108828959913,   0.42349464, 148.81487827,   0.49675699,  19.16921469
3.0891557123661264, 7.61558289e-01, 9.88872899e+02, 7.43628400e-01, 1.05741290e+00
2.603907318198817, 3.53308505e-01, 8.50022630e+02, 7.64493160e-01, 1.29415123e+00
0.32141731442237087,  10.        , 207.23624518,   0.29424167,  19.84370721
1.3758198194923943,   3.08593752, 438.9168926 ,   0.74743079,   0.95116173
0.32225770304716733, 2.49727112e-01, 1.51839043e+03, 1.56103097e+00, 9.35929549e-01
2.1308518665659766, 1.53767140e-01, 2.29336031e+03, 1.53134838e+00, 9.23145096e-01
1.4290749236529776, 8.34143644e-01, 4.84503345e+02, 4.72365748e-01, 7.71967166e-01
0.7808253653360774, 7.58620469e-01, 3.40669836e+02, 3.39801513e-01, 1.96649254e+01
1.636365620632768, 8.13449857e-01, 1.26128074e+03, 5.31176046e-01, 4.26138768e-01
0.6554875590048288, 4.33718774e+00, 1.99143127e+02, 3.96263042e-02, 5.69039434e+00
2.1169468415523998,   7.24375088, 497.41374148,   0.53219723,   1.32968541
0.09045239791680591, 9.67168691e-02, 1.61973910e+03, 2.88112296e+00, 1.01299823e+01
1.1111079794838925, 8.05502569e-02, 1.91232404e+03, 1.01768613e+00, 9.35878636e+00
1.4437067862655644, 9.75965398e-02, 8.20227990e+02, 6.31516558e-01, 1.11272823e+01
0.8601389556187861, 4.97617400e-01, 3.37815695e+03, 9.48910921e-01, 9.65808776e-01
1.673721174094564, 4.86369381e-01, 7.36391089e+02, 9.06605130e-01, 9.13208152e-01
3.3259234292882414, 9.99999965e+00, 3.35015741e+02, 6.15757654e-01, 2.32990959e-01
0.09729865047812142, 6.14375593e-02, 1.88285753e+03, 6.98743647e-01, 9.26253616e+00
1.357947541418715,   0.71348729, 526.26589539,   0.60892179,   0.94263902
2.5853641275018666, 1.97244873e+00, 9.24526233e+02, 6.40543972e-01, 5.00146101e-01
4.746509766267598, 8.41139052e-01, 1.82837493e+03, 4.84800808e-01, 7.68641831e-01
1.6184366737345954, 5.01111071e-01, 6.72615953e+02, 4.76889508e-01, 9.39598899e-01
0.1350604252836953, 1.00000000e+01, 2.97145860e+02, 1.31373263e-02, 9.42954473e-01
0.0010833999908707404, 3.95487551e-01, 4.57523186e+02, 1.42196557e+00, 9.39536313e-01
1.313197658017466,   3.12516462, 449.49197153,   0.58270483,   0.93265052
1.9122972208372115,   0.79188477, 566.51524983,   0.62617556,   0.94140447
0.1845607507636462, 5.25999295e-02, 5.99350448e+03, 1.00000000e+01, 1.15099066e+00
0.6171849187825944,   0.68649045, 432.08988298,   0.58013694,   5.63779932
0.893573203220443,   9.99999786, 151.1521082 ,   0.39746855,   5.65909318
1.504696473549894, 3.69788320e-01, 8.45157892e+02, 6.99292579e-01, 9.33446576e-01
1.2596209011534303,   0.62230517, 406.70173442,   0.57964707,   9.87152684
1.1144993866012591, 5.38281143e-01, 6.25376214e+02, 7.53478462e-01, 9.42724309e-01
0.038598293217995634, 5.66471687e-02, 2.47770334e+03, 1.03690885e+00, 1.26908859e+00
0.9407921756226008, 1.79826511e-01, 8.87113989e+02, 6.87399206e-01, 5.57141047e+00
1.357947541418715,   0.71348729, 526.26589539,   0.60892179,   0.94263902
0.6735205599240615, 1.86706097e-01, 2.59281880e+02, 5.30332722e-01, 1.79767432e+01
0.4344982778239898, 3.42034710e-02, 5.79509595e+03, 2.15924328e+00, 4.76545706e+00
0.3502177629065026, 7.20270340e-01, 1.89840944e+04, 2.28423955e+00, 5.95885253e+00
0.23220845281126604,   3.69795557, 284.43517526,   0.59515561,  15.49328043
2.0987346763759924, 2.94905752e-01, 9.80197880e+02, 5.34440249e-01, 9.37146734e-01
2.6333680989470496, 2.19579942e-01, 3.12032131e+02, 6.60379950e-01, 8.95221093e+00
0.4367207432474777,   4.55907913, 248.6316744 ,   0.39092811,   1.33328837
0.18234451901634763, 4.36969766e-01, 1.04981159e+04, 1.48728458e+00, 8.82870351e-01
2.079752314985865, 2.40550265e+00, 1.77799965e+03, 8.97104062e-01, 9.13956927e-01
0.9000663826644562,   8.34492956, 608.62009782,   0.72552105,   0.8891474 
1.6250605216928462, 6.86586574e-01, 6.46300635e+02, 4.30895827e-01, 2.65627896e-01
3.1234308280799206e-06, 2.65538220e-01, 6.71018814e+02, 1.30590438e+00, 9.82172374e+00
1.5819364494232802, 5.46664548e-01, 8.89474783e+03, 2.12246883e+00, 8.40844154e-01
0.7815041328920549,   1.15628372, 159.58853002,   0.49394762,   0.94610939
3.2984149307414987, 1.06810932e-01, 1.22709351e+03, 6.69357337e-01, 9.33535379e+00
2.4244461060558455, 2.25810713e+00, 4.73228150e+02, 4.42326122e-01, 9.73144809e-01
2.5060078736707205,   1.13219847, 471.45452794,   0.48656299,  10.22994159
1.2718480152183445, 2.50121236e-01, 1.16127361e+03, 7.36099889e-01, 9.36262524e-01
1.5618363050215214, 2.12841146e-01, 6.15652699e+02, 6.57161350e-01, 5.95447253e+00
2.2843111000995697, 2.42788156e-01, 3.70935108e+02, 5.86325796e-01, 8.48160746e+00
0.1633108456579749, 5.72733026e-02, 2.57303916e+03, 8.25584802e-01, 5.27081709e+00
0.8289090028778452, 1.23059023e-01, 3.63952140e+03, 1.80692369e+00, 2.36487414e-01
0.39171853361984565, 4.44959282e-01, 1.04493459e+03, 1.40489611e+00, 2.43574884e-01
0.41180462374651755,   2.33101358, 389.75228594,   0.43127136,   9.82355268
2.684944358179441, 1.13596151e+00, 5.12792856e+02, 5.34541750e-01, 2.42495246e-01
0.7249051338866126, 8.65779292e+00, 1.90565328e+02, 8.60441288e-02, 9.10604885e-01
1.0778908592813565,   0.51074941, 298.70429898,   0.36993088,   0.94410036
0.1972937580398038, 3.53920313e-01, 8.59697210e+03, 1.28041837e+00, 8.34083158e-01
1.7671977300229016, 1.08620379e+00, 2.93135720e+03, 8.02496075e-01, 9.04741176e-01
1.5931217408562106,   3.28376671, 416.83999359,   0.45475306,   0.94728647
0.21848381577145384,  10.        , 276.4303622 ,   0.33768578,   0.94521036
0.4935545430120052, 2.07251720e-02, 1.29103972e+04, 2.97955495e+00, 1.04630696e+01
0.9385334897672394, 1.11901371e+00, 1.06323485e+03, 5.05086879e-01, 9.18856646e-01
0.31711842119333,   3.36331619, 267.18243799,   0.2752779 ,   0.93736991
0.282300914901567, 1.02276705e-01, 7.11007669e+02, 5.19214423e-01, 1.65444885e+01
2.812085052754204e-08, 1.05151736e+00, 6.22518621e+02, 1.29835073e+00, 2.42788802e-01
2.908561611505254, 3.46976172e-01, 4.44171176e+02, 5.74982172e-01, 1.27413823e+00
1.450788699320424, 7.27852052e-01, 2.54177097e+03, 8.37855251e-01, 5.74902780e+00
0.9330790125823303, 3.31337201e-01, 1.04351748e+03, 9.99050285e-01, 8.78527815e+00
4.22772364761999, 8.19437240e-01, 1.64789119e+03, 5.84333315e-01, 9.51903171e-01
0.549860234164801,   0.44877746, 342.23950553,   0.578483  ,   0.95091879
2.641519896162368, 6.55393266e-01, 7.58797425e+02, 6.89040792e-01, 6.93625115e-01
0.12284827507401505, 6.86028316e-02, 3.86900755e+03, 9.67223610e-01, 9.13180294e-01
1.3436136306464985, 1.04660999e-01, 1.23332323e+03, 1.14973170e+00, 1.80454532e+01
0.7710098453950212,   0.68506183, 586.95370426,   0.98846323,   0.94213037
2.7632265764087065, 1.37933765e+00, 8.47458811e+02, 6.07116539e-01, 1.38258534e+00
0.14755978353092736,   9.99999976, 359.33667246,   0.49312871,   1.29996742
1.840059059130418, 3.46616948e-01, 1.51848745e+03, 7.40425912e-01, 6.21946140e-01
2.4372571234557148,   4.46963838, 413.50538289,   0.58262044,   0.93455865
0.5905040398611247, 5.20905896e+00, 1.28003711e+03, 4.53787986e-01, 1.52260207e+01
0.08208936299149996, 4.68671773e-01, 1.31180836e+04, 1.24297943e+00, 5.77347168e+00
0.2732000119230766,   5.72987544, 309.58258012,   0.62968391,  21.47611078
2.345993152245405,   3.49664907, 445.31857967,   0.47311865,  15.15281264
1.0925667584953203, 3.30451033e-01, 8.49112198e+02, 7.04525714e-01, 9.47969914e-01
2.4953802222827246, 1.79122560e-01, 9.46017536e+02, 1.03018212e+00, 9.42008849e+00
0.8058354037452999,   7.64853498, 192.83541347,   0.31918958,   9.73976018
1.1865410562958687, 1.28957486e-01, 8.84054538e+02, 1.00935340e+00, 1.01972242e+01
1.661915911267131, 1.80434692e-01, 7.38614925e+02, 7.84736097e-01, 1.91902410e+01
0.6503745873670046, 2.56428731e-01, 1.02834560e+03, 7.13081611e-01, 9.54247454e-01
0.7177134221875994,   5.90213527, 467.76071718,   0.5068591 ,   9.82315335
1.251176784032976,   2.13495259, 479.75608261,   0.8720568 ,   0.94231699
1.2291849634992487, 8.39762462e-02, 1.63875025e+03, 1.23103633e+00, 1.34321710e+01
2.41687085102932, 9.13472328e+00, 5.10058215e+02, 4.30959735e-01, 1.14650577e+00
0.6307863762138194,   6.19246705, 157.94412329,   0.27065326,  15.54473392
0.3905085779635505, 1.36321527e+00, 4.38016092e+03, 1.72386509e+00, 4.67317896e+00
1.69751159387275, 1.75145128e-01, 7.41017049e+02, 4.88378752e-01, 9.66485739e+00
0.13750105449301506, 8.89042358e-02, 8.16382177e+03, 1.47695206e+00, 9.42518918e-01
1.1430359116312507, 6.84182408e-02, 2.08898262e+03, 1.16559871e+00, 1.39044042e+01
1.2810480709033547, 2.39703993e-01, 1.22081086e+03, 8.16390960e-01, 9.28528487e-01
2.081527306269785,   5.97280566, 284.23711842,   0.42694124,   1.29512773
3.3577746557094956, 1.41312599e+00, 9.84749167e+02, 6.16792979e-01, 2.26355024e-01
0.344169537878995,   7.68325202, 337.71040071,   0.39220501,   5.64607788
2.385700375170176, 3.82219233e-01, 8.19982889e+02, 5.37901484e-01, 9.31139344e-01
0.2380781535676656, 1.42748225e+00, 1.29448159e+02, 1.00000000e-04, 9.41511332e-01
0.8117715635657633, 2.05875539e+00, 2.49275726e+03, 6.77886628e-01, 9.05490380e-01
2.3684084377094945,   4.03335385, 386.01230615,   0.7671957 ,   1.42774649
0.5887721803714788,   5.61321618, 302.78827262,   0.56334196,   0.86993264
0.8494722836063741, 2.33874488e-01, 1.51471782e+03, 9.92618683e-01, 8.12866431e-01
0.2981586155921571,   4.5763769 , 325.54121076,   0.61905344,   5.98364042
0.2911493126403324, 1.28560258e-01, 2.38992657e+03, 8.65655068e-01, 7.29511245e-01
0.6080774093624363, 1.71099646e+00, 2.25827507e+03, 8.19462819e-01, 1.17856511e+00
0.1560901055112173, 7.45701395e-02, 3.69161298e+03, 1.25296400e+00, 9.18302690e-01
2.0182597481222277, 4.29228869e-01, 8.34613391e+02, 1.06165317e+00, 9.36873246e-01
0.1723447812285157,  10.        , 395.1997515 ,   0.73153228,   5.65211772
5.042604267782145, 6.51405974e+00, 5.04141691e+02, 5.43822273e-01, 2.95591350e-01
1.4132464283899506, 1.33618466e+00, 2.11856124e+03, 6.80845191e-01, 9.43102003e-01
0.6064608075380011, 2.65560222e-01, 5.23325318e+02, 5.12060767e-01, 1.96466100e+01
3.7623117932018895,   9.9999992 , 323.80971282,   0.41296007,   0.94811966
2.7533695984873168, 6.30957329e-01, 6.72875583e+02, 1.29900653e+00, 1.00000006e+00
1.2405439541665033,   6.96897123, 200.17778197,   0.51872007,   0.92762007
1.033978531642651, 5.70044169e-01, 7.64122143e+02, 5.12045527e-01, 2.44333144e-01
0.9304200562706051, 1.78641998e-01, 1.55878821e+03, 1.57085150e+00, 9.71612110e-01
3.0743940699339234, 7.59908298e-01, 1.18138380e+03, 6.33422393e-01, 8.68576865e-01
0.4983974087950013, 6.59720514e-02, 6.28863495e+02, 4.44824523e-01, 1.65849644e+01
1.4423035705542961, 7.24194698e+00, 1.24625684e+03, 9.30551594e-01, 1.47808548e+01
1.2682027112860979, 1.45975024e-01, 1.07430559e+03, 7.77225688e-01, 5.49403850e+00
0.6715544138937546,   4.14400873, 106.67317938,   0.3040144 ,   9.80994298
2.040668042658758, 1.66702502e-01, 9.82297200e+02, 6.95017098e-01, 5.51053703e+00
0.66159676643344, 2.08725118e-01, 1.23328808e+03, 8.94280964e-01, 9.90509994e-01
3.6913162749932154, 4.98044928e+00, 3.12221607e+02, 4.50819649e-01, 2.18010072e-01
0.8592843732777755,   9.99996392, 225.00199625,   0.36832333,  18.76594019
1.6932149324379517,   9.81780529, 138.53564639,   0.32327634,   5.55137643
0.9036503331901657,   0.750854  , 348.14310414,   0.4005315 ,  19.65224382
0.26451839424875795, 5.49333459e-01, 7.00138412e+02, 6.05608574e-01, 1.31738456e+00
0.4890695699347823, 7.14791924e-02, 2.25490376e+03, 9.71335270e-01, 5.18402108e+00
0.848300466189044,   3.60914375, 405.55921801,   0.55448928,   1.32309459
0.5974500868810629, 1.79248855e-01, 1.48018153e+03, 1.19766715e+00, 1.30015981e+00
2.812085052754204e-08, 1.05151736e+00, 6.22518621e+02, 1.29835073e+00, 2.42788802e-01
2.7048006038189043,   2.28807246, 517.61901501,   0.54768283,  15.2971383 
0.34142991633800085,   0.81624892, 275.05377095,   0.55445526,  17.9769373 
1.0213052106558247, 9.77974000e-01, 1.26343244e+03, 8.50428519e-01, 8.83223951e-01
0.6123368938483621, 7.94295553e-02, 2.06086539e+03, 1.42635014e+00, 5.37600187e+00
0.6731819899639918,   9.48309653, 171.61815127,   0.37572193,   1.26454533
1.5715319285889733, 5.96859151e-01, 5.98919166e+02, 4.69863330e-01, 9.40633755e-01
1.942657381405072, 6.30957333e-01, 6.72875586e+02, 1.29900650e+00, 9.99999993e-01
1.3246839264731711,   0.91814639, 551.85954172,   0.71492998,   0.94235133
0.44221752375107226, 2.40044282e-01, 1.20427907e+03, 6.81973428e-01, 7.02870314e-01
3.0185055491841077,   3.27340598, 397.3061211 ,   0.5184391 ,   5.61441596
1.375154095000011, 1.96795317e-01, 6.00064458e+02, 4.37095094e-01, 1.93745147e+01
1.3076900876819157,   1.45174168, 366.63891995,   0.47734322,   6.19192268
0.2912449634539272,   5.11849176, 364.53949693,   0.5326917 ,   0.92776317
0.7584350790181058, 8.74059737e-02, 1.59697140e+03, 1.17630432e+00, 9.16459816e+00
2.812085052754204e-08, 1.05151736e+00, 6.22518621e+02, 1.29835073e+00, 2.42788802e-01
0.3659403494091915, 1.31715789e+00, 3.59405225e+02, 1.00000000e-04, 9.42128285e-01
0.10433885849214489,   3.76468459, 458.71587898,   0.79748708,  15.10539651
0.16617638791240422,  7.16083735, 63.75831273,  0.19067729, 19.6555735 
0.4228518206389077,   7.68333796, 221.28025405,   0.30586483,   0.25467878
2.0120294476669125, 5.84065549e+00, 6.16897614e+02, 5.22298785e-01, 8.91894522e-01
0.522354725743981,  10.        , 192.51554165,   0.38560921,   0.24849658
1.3883752827067872, 1.67591432e+00, 1.61589130e+03, 8.70400471e-01, 1.10243555e+01
0.5652758799126322,   7.50942428, 143.21146919,   0.32289865,   1.01610405
0.08164146502291292, 7.82767303e-02, 3.25644964e+03, 7.67346530e-01, 9.25974792e-01
0.012360943481830254, 2.99016450e-01, 6.19658517e+02, 1.65001518e+00, 9.29420200e-01
0.014881089444848821, 7.40789685e-01, 7.95774508e+02, 1.30221747e+00, 9.42072432e-01
0.18495646671760818, 2.34986204e-02, 2.51366109e+04, 1.00000000e+01, 9.07747142e-01
0.11687182904675915, 2.13817540e+00, 8.38609568e+03, 2.38106334e+00, 1.47676109e+01
1.4992780805486592, 3.27958645e+00, 8.73546012e+02, 7.83323201e-01, 2.26815299e-01
0.0004320712144335787, 6.27401246e-01, 4.55714474e+02, 1.37837396e+00, 2.42646732e-01
2.2780120296410273, 2.78948358e-01, 7.25620968e+02, 7.47453212e-01, 5.57225476e+00
0.48328730820495724,  10.        , 128.02812245,   0.3518957 ,   0.96968896
0.2445227790612529, 2.39228401e-02, 2.11742385e+04, 4.41717450e+00, 2.55987643e-01
1.1281335875558833,  6.6842795 , 92.09274365,  0.32597241,  5.6385025 
1.2577457022029555, 7.45323010e-02, 7.29516730e+02, 1.10216580e+00, 1.57016662e+01
6.314448806836424, 8.37598754e-01, 1.79171558e+03, 4.93553348e-01, 9.90290182e-01
2.965883884330836, 3.49547692e-01, 6.10729839e+02, 7.79670609e-01, 9.78888355e+00
1.1878634495936418, 1.14619156e+00, 1.92296376e+03, 1.08519577e+00, 1.07413296e+01
1.1726367789804661, 2.65857079e-01, 1.07739232e+03, 6.14742089e-01, 9.32873185e-01
1.0688212781753395,   2.32974383, 387.21832471,   0.43148703,   0.93398342
4.427304087849357, 2.00912540e+00, 1.61667561e+03, 7.12556547e-01, 1.23411523e+01
7.399547160634145e-12,   0.66978021, 633.87592236,   1.2990058 ,   0.94204386
1.1191498145004242,   0.66029261, 555.58028642,   0.69464661,   0.94208485
0.08430989284491355, 2.89849519e-02, 2.13030883e+03, 2.11923047e+00, 1.30529696e+01
0.40942263532278755, 1.94467801e-02, 2.32838330e+04, 9.58424270e+00, 4.60111370e+00
2.3858429553046943,   1.05843984, 402.41933246,   0.47267583,   9.81926141
0.2838820419830738, 1.92987578e-01, 1.53111921e+03, 1.28448354e+00, 9.33198557e-01
4.951350485418196,   4.1296215 , 302.64968905,   0.51555765,   1.64979141
0.671331284275425,  9.99999329, 74.11038334,  0.23831174,  9.71848725
1.8498667848868422, 1.52170425e-01, 1.76859638e+03, 7.80570805e-01, 9.28636420e-01
0.48060156274771454,   5.6405703 , 199.41516421,   0.35967028,   9.98156012
1.4706868515626008, 5.10525460e-01, 7.05160053e+02, 9.00992470e-01, 9.40119328e-01
1.989917424099576,   0.54006419, 500.48047   ,   0.55390312,  19.620774  
0.44279678539959455, 1.71040538e-02, 6.11110241e+03, 3.42029683e+00, 8.61547992e+00
0.17351375011005457, 2.47998477e-02, 7.76387607e+03, 5.12301444e+00, 1.15626294e+00
1.8488705743186848, 1.06785459e+00, 2.55062692e+03, 7.75472426e-01, 2.58170769e-01
2.5970551011624257,   9.94462672, 140.7629794 ,   0.31639771,   0.96480688
0.4205761863324143, 7.86022220e-01, 1.96269000e+03, 6.69381088e-01, 7.02141376e-01
1.619022547166811, 2.16160844e+00, 4.95328206e+02, 4.93016145e-01, 1.51355716e+01
0.2257206298243678, 1.63190040e-02, 2.34907522e+04, 5.28399199e+00, 1.36113132e+00
0.7038411316252688, 1.89355306e-01, 1.32085676e+03, 8.08856498e-01, 9.68257291e-01
0.9321194018818884, 1.83609590e-01, 1.78583873e+03, 1.06302996e+00, 9.35573717e-01
1.4161326996428643,   0.63767584, 522.26510583,   0.90301055,  14.97628711
1.2811430756037432,  10.        , 247.41428027,   0.33079967,   0.25795009
0.05047042409371699, 8.86640925e-02, 2.92044152e+03, 1.16002729e+00, 9.53258623e-01
0.3266269299594057,   5.69683788, 213.55789861,   0.35783933,  14.73516565
1.4708111790757699, 8.93272432e-02, 7.93379302e+02, 8.00195312e-01, 1.42128363e+01
0.5957534528648352,   6.79569683, 207.22689305,   0.54283631,   5.66769497
0.9372365274123671, 4.33283797e-01, 8.28342125e+02, 8.98811216e-01, 6.43451203e-01
2.248526236772415, 5.26231042e-01, 7.53438352e+02, 1.02080787e+00, 9.38877410e-01
0.7857668711278981,   2.9426761 , 563.38802525,   0.5982743 ,  19.63746007
0.014881089444848821, 7.40789685e-01, 7.95774508e+02, 1.30221747e+00, 9.42072432e-01
0.571555854159502,   3.45609224, 101.48800336,   0.2126966 ,   0.94151919
0.3187621162152699, 2.25724180e-02, 1.40021173e+04, 7.29325014e+00, 7.39810655e+00
1.7955873931827917, 5.75497661e+00, 3.47036934e+02, 4.08117122e-01, 2.41094665e-01
1.3130004636657007, 4.90554519e-01, 2.11051235e+03, 1.13019762e+00, 1.71568541e+01
2.2630090378184446,   2.93490448, 501.38494828,   0.50881001,   1.01263974
0.5901137856460718,   9.50284073, 181.73753646,   0.24903047,   1.28698748
0.4959755610212102, 9.31294081e-02, 2.73527515e+03, 1.01227096e+00, 9.52565530e-01
1.673289384081375,   6.56503654, 141.82560561,   0.31454534,  15.49791825
4.218393023663037, 4.99130492e-01, 7.10744794e+02, 6.06653905e-01, 9.80711451e-01
0.35038851958280176, 1.40844073e-01, 9.69000669e+02, 8.84371394e-01, 9.55704950e+00
0.10255948838121838, 5.73107163e-02, 2.71081292e+03, 9.51469758e-01, 1.16402194e+00
1.8029698083205068,   3.34914948, 377.58009194,   0.48315182,   0.88772317
1.706176174069718,   1.5460216 , 378.9598607 ,   0.46288127,   0.87375138
0.7773025687877578, 1.12408360e+00, 2.46537976e+03, 7.21128184e-01, 1.44695941e+01
1.7465476548441021,   0.61298788, 290.16904594,   0.39753138,   0.913246  
0.0030632670485419232, 1.32182708e+00, 5.70701112e+02, 1.20407418e+00, 2.42769052e-01
3.4286257209048907,   8.82287722, 308.48561587,   0.40730527,   1.30773266
0.7847081208109941, 6.96129265e-02, 2.78910652e+03, 1.65925888e+00, 5.43285834e+00
2.067330967185782, 6.30957344e-01, 6.72875572e+02, 1.29900649e+00, 1.00000000e+00
3.3043469603074307, 1.64826097e-01, 8.97569297e+02, 8.07060288e-01, 9.51799157e+00
0.6539700540199194, 4.11414256e-02, 7.68916755e+03, 2.24202988e+00, 8.85381264e-01
4.113687315708975, 2.45616236e+00, 1.16943069e+03, 7.43648492e-01, 1.00889116e+00
3.1922387485548906,   0.83048577, 326.0859756 ,   0.4748695 ,  20.48373053
2.1909319499954467, 5.29452671e-01, 7.11108195e+02, 7.92350537e-01, 9.39144087e-01
2.2453491975801194, 3.22219530e-01, 1.37849463e+03, 1.14653264e+00, 2.41315618e-01
0.5669272838323688, 1.19141875e-01, 3.42733653e+03, 7.47509299e-01, 5.64798773e+00
1.1488146937025816, 1.11065058e-01, 2.60923523e+03, 1.25588421e+00, 9.09268803e-01
0.428941904103804,   1.03645221, 325.4702733 ,   0.47600285,   1.03805119
0.8510861609628284, 1.82549365e+00, 2.42640521e+03, 1.72403336e+00, 1.20061642e+00
0.6420880264896499,  10.        , 154.84091729,   0.2719969 ,   0.93052723
0.9163129707977477, 2.61257133e+00, 7.30602790e+02, 5.69957813e-01, 1.62883999e+00
0.12107704094715213, 4.64919909e-01, 2.93603449e+02, 1.00000000e-04, 9.52042211e-01
0.002909806491890745, 4.18400165e-01, 1.02709311e+03, 1.50202894e+00, 9.42145105e-01
2.043340083838034, 1.13649826e-01, 9.93011243e+02, 5.36199189e-01, 1.42815466e+01
1.3485859133892437, 8.06525190e-02, 3.28511937e+03, 3.18703708e+00, 1.17204823e+00
0.8850963061417179, 2.03968196e-01, 2.37983588e+03, 1.52915623e+00, 2.42552866e-01
0.2229007418636171,   8.85692382, 428.69429794,   1.0181047 ,   0.90695668
0.7215753348437213, 3.85173797e-01, 8.14701471e+02, 1.05529474e+00, 9.44731284e-01
2.1216935201172524,   2.07339764, 129.10907926,   0.3420077 ,   0.94134639
0.42912897389284954,  10.        , 220.79159404,   0.40088467,   5.66653184
3.4512392742885596,   3.64775475, 511.055413  ,   0.6327901 ,   9.74094134
0.30706811012581836,   1.37508611, 149.48713463,   0.41894441,   0.94030761
3.0040872209159217, 1.25508641e+00, 5.95758232e+02, 7.49662660e-01, 2.42660312e-01
0.9303420289528992, 1.45229585e+00, 2.49543619e+03, 8.01637247e-01, 1.21958779e+00
0.9326624104841107,  10.        , 171.12369597,   0.24333035,   0.96669319
0.5616493743422042, 3.49079481e-01, 8.08136777e+02, 7.39487928e-01, 1.30076669e+00
2.527385213160923, 2.05676668e-01, 3.36583910e+02, 6.92992609e-01, 8.85126226e+00
1.8653832106854746, 1.33699420e+00, 1.14533258e+03, 6.93672113e-01, 5.98042302e+00
1.1804224664235674,  10.        , 103.24661185,   0.23362653,   0.32916084
2.182424134388816, 7.10692094e-01, 1.01530061e+03, 6.71402070e-01, 6.78447843e-01
0.23710189412062893, 7.06134233e-01, 1.32399860e+04, 2.67282235e+00, 1.02097033e+01
1.0072686711457586, 1.45707215e+00, 4.03643268e+03, 1.04628065e+00, 1.04066435e+00
0.37735000596730006,   4.91225147, 367.58859986,   0.46020188,   0.94478492
0.9724859565406592, 2.49561067e+00, 4.51641245e+02, 6.56495055e-01, 2.45056924e-01
1.2357820293413313,  10.        , 230.97939708,   0.60611157,   1.33622643
0.6647173864320932, 3.26852323e-01, 7.95096012e+02, 9.32222311e-01, 1.92205764e+01
0.4413967294144461, 1.09507595e-01, 1.28378646e+03, 1.22061296e+00, 9.40690871e+00
7.399547160634145e-12,   0.66978021, 633.87592236,   1.2990058 ,   0.94204386
0.7353612990913068, 3.68392115e-02, 7.86475056e+03, 6.85007757e+00, 3.32891374e+00
0.6760972061546596,   8.7726106 , 139.67039319,   0.27349824,   0.21409868
0.014834087223814149, 3.65629010e-01, 8.25320496e+02, 1.30413045e+00, 5.64212213e+00
1.6946937032777336,   9.58000685, 115.32421452,   0.25956686,   0.32905073
1.01697727236605, 1.41950610e-01, 2.02969381e+03, 1.15411288e+00, 9.19010347e-01
1.4358187587652895,   1.38782706, 543.31813555,   0.62254143,  20.41389467
0.645548548400374, 5.06576131e-01, 4.23522535e+02, 4.12006208e-01, 9.79648181e+00
1.279824657327936, 4.59544186e+00, 7.87488209e+02, 7.96508343e-01, 2.36727878e-01
0.9019796388784443, 1.00000000e+01, 2.30289159e+03, 7.97176231e-01, 8.93012294e-01
0.503142789269243,   3.97738524, 291.82878967,   0.52245038,   5.70873925
0.9843174768583562, 8.22144940e-01, 1.25629442e+03, 7.47982028e-01, 1.52455028e+01
1.79012833998145, 1.69590529e+00, 1.89901393e+03, 1.27485769e+00, 8.44534246e-01
2.7901021301840996,   9.86859471, 264.69126019,   0.35608867,   0.86374321
3.38711946314267, 1.60139752e+00, 1.01809311e+03, 7.19109285e-01, 1.54707594e+00
0.9510652147762865, 8.71317544e-02, 3.12910911e+03, 1.00266344e+00, 9.09384322e-01
1.6628640083920394,   9.94751806, 252.11598507,   0.40529106,   0.92594542
0.7520916729886716, 3.54654998e-02, 4.19628306e+03, 4.38035311e+00, 1.02175302e+01
1.3396967404443496,   1.96360158, 711.03254971,   0.72044962,   0.94221746
0.28227897414506853,   5.42235359, 238.40823077,   0.505238  ,   0.84891563
1.268776149464951,   0.51978104, 420.60558342,   0.48711268,   7.54216299
5.902713716976554e-09, 5.94067404e-01, 6.37592109e+02, 1.29929966e+00, 1.31788105e+00
1.7701879538639211, 2.92708024e+00, 4.03801244e+02, 6.72977695e-01, 2.43380874e-01
2.4985872526374986, 8.49303609e-01, 1.89082225e+03, 4.69010151e-01, 6.26268843e-01
2.7022440661340297, 2.65842519e-01, 1.13984973e+03, 9.14705193e-01, 9.31231725e-01
1.3403901257386996,   6.28196081, 393.36501902,   0.57006902,   0.93195439
0.39192660083917463, 3.50655571e-01, 7.54447180e+02, 7.34036996e-01, 1.35212328e+00
1.804335030828383,   1.76263084, 444.92310928,   0.49292495,   0.94196332
2.6316644337390764, 8.39543710e-01, 2.62145254e+03, 7.26082816e-01, 1.91237160e+01
1.5245498174676109, 1.26908373e+00, 3.64675059e+03, 2.14142472e+00, 9.98876221e+00
1.687174492236856,  10.        , 162.60809861,   0.54342361,   0.97174692
0.8908620700381455,   4.07845767, 633.29409891,   0.72962857,   5.20006714
0.8188310084451985,  10.        , 173.83696124,   0.48835899,   0.26220921
0.8470371498361606,   2.48932756, 579.44386685,   0.67433501,   0.95324267
0.9467420933677717,   0.73833169, 492.45071833,   0.59578571,   1.31861607
3.6517626264171987, 6.80148607e-01, 3.94532002e+02, 5.11896370e-01, 2.38289988e-01
2.5881121975773627, 1.40680197e-01, 5.12011084e+02, 5.06789783e-01, 1.53751402e+01
2.210511391984544, 1.78266559e-01, 4.34899672e+02, 8.56368812e-01, 1.45946365e+00
1.8104575145942634, 7.48600022e+00, 1.43824071e+03, 8.67950580e-01, 5.38997482e+00
2.802416576267886, 5.97895155e+00, 4.83336721e+02, 4.19024955e-01, 1.17601352e+00
2.7617641161740805,   6.30832412, 276.12443915,   0.5426256 ,   0.79879854
0.4478195735177325,   7.43699348, 173.69457664,   0.41834304,   5.3014591 
2.1959090821417977, 10.        , 91.96195885,  0.25450228,  0.99408474
0.3101201932363777,  10.        , 228.89520344,   0.42108574,   5.66603229
1.3793396990977145,   3.22799456, 353.8339116 ,   0.46156847,   5.78603058
2.55250722686842, 2.17095129e+00, 1.21261739e+03, 6.57248019e-01, 9.07037399e-01
0.65884860044085, 1.39973258e+00, 1.35428025e+03, 7.03468078e-01, 1.07997840e+00
1.2471508984093642, 8.24846143e-01, 1.39070003e+03, 7.24380304e-01, 4.25430774e+00
1.273427982976333, 2.24852613e-01, 8.52226494e+02, 6.31608844e-01, 9.76951396e+00
2.4164664649525593, 3.60144381e+00, 7.79577876e+02, 5.47306690e-01, 6.21119603e-01
1.5553548529110202, 8.64835654e-01, 1.38581382e+03, 7.11458777e-01, 7.44289025e-01
0.8657120618997587,   9.90188676, 230.3033237 ,   0.52083175,   9.85721831
0.14939478071926293,   8.07830883, 233.80808766,   0.30417329,   0.94703824
0.47598951710368465,   3.3072945 , 383.51549576,   0.4744898 ,  15.14283897
0.7564969928027255, 4.03172058e-01, 7.12051621e+02, 5.20709330e-01, 9.45238153e-01
1.0815934845914197, 6.48669212e-01, 7.28675651e+02, 5.29407630e-01, 9.27176598e-01
3.535370980688908, 7.33647093e-01, 7.08406607e+02, 6.32216987e-01, 2.43296713e-01
1.084286002821863, 1.00000000e+01, 4.15852666e+01, 1.72454706e-03, 1.96602569e+01
0.4420324351827716,   6.67109065, 109.3190265 ,   0.49277091,   0.94372419
1.19878242308141, 7.82582957e+00, 1.78981333e+03, 6.39336391e-01, 5.77703408e+00
1.304885461838659, 1.73863008e-01, 6.19256609e+02, 7.04436373e-01, 1.52309809e+01
1.4812905171138886, 5.58225263e-01, 9.80596583e+02, 8.94299093e-01, 9.27127040e-01
1.403491922284588, 2.74270818e-01, 4.83595111e+02, 5.29817842e-01, 1.50455226e+01
2.523696826360392e-05, 3.82547686e-01, 7.98651232e+02, 1.27962906e+00, 9.82189905e+00
2.5524970224998573, 9.08121398e-01, 2.07922520e+03, 8.51554767e-01, 4.30165258e-01
0.44566346083832975,   9.99754919, 111.52264545,   0.2463359 ,  15.06825207
0.6750554090070573,   1.05384499, 300.67151305,   0.41463087,   1.11296541
0.3732166910228508,   0.67274577, 240.13183569,   0.38774597,   0.94168922
0.926512563868806, 1.97980821e+00, 8.12822834e+01, 1.00000000e-04, 9.82167290e+00
2.4225675353185085, 1.48843303e+00, 4.56229490e+02, 4.28455140e-01, 5.64079553e+00
0.2426957268335294, 1.24589259e+00, 4.07461533e+03, 1.70383207e+00, 1.96595846e+01
2.61266189033978,   1.00738301, 503.55575477,   0.5613448 ,   0.94328229
0.7246526870599846, 1.64333361e-01, 1.78177310e+03, 1.24321219e+00, 9.25586727e-01
3.066552987199811, 1.60681913e-01, 9.96798182e+02, 7.07474672e-01, 1.14529408e+01
1.8140346560434875, 6.48456718e-02, 7.11272686e+02, 6.92325336e-01, 1.54471781e+01
0.5505267743656613,   0.77845075, 558.54972682,   0.94536535,   0.94252568
0.30342619454521674,  10.        , 180.33004412,   0.34797577,   5.67067057
0.4269466353486866,   5.89292401, 177.67513743,   0.30205115,   9.78517122
0.4864683496248022, 1.00000000e+01, 1.04621599e+03, 3.36299908e-01, 1.29638132e+00
0.5217740802108436,   9.99999919, 183.33303208,   0.35061214,   0.91664414
1.6616241153258757,  2.88245997, 82.93813602,  0.319923  , 10.64123126
1.9383420943147303,   0.80482425, 260.20181489,   0.3984346 ,   3.56333183
0.9376239695217788, 6.11634150e-02, 1.37212513e+03, 1.01975051e+00, 7.57829550e+00
1.709836142226691,   9.99898191, 153.83497042,   0.44383072,   1.11462047
2.059547500257171, 3.79498884e-01, 7.72397378e+02, 9.99179662e-01, 9.27548836e-01
2.5311441432429644, 2.79173065e+00, 6.93062379e+02, 4.86025747e-01, 9.70320120e+00
2.1367177244625304, 8.38755049e-02, 1.11845834e+03, 6.17500761e-01, 7.06977747e+00
7.399547160634145e-12,   0.66978021, 633.87592236,   1.2990058 ,   0.94204386
0.9436816166888323,   9.15843412, 334.54829847,   0.56104236,   0.94275534
1.2878175633751203, 3.08189493e+00, 1.92419686e+03, 8.91910030e-01, 1.01958360e+00
0.20696472984730124,   9.64110057, 288.22483531,   0.35355067,   0.98123961
1.5880097115757055, 2.39788693e-01, 1.18546729e+03, 7.09458906e-01, 9.32369339e-01
0.03272201529838347, 3.59740066e+00, 3.60424720e+03, 1.65955369e+00, 5.72496484e+00
0.6425561820063426, 9.99999876e+00, 1.35506337e+02, 5.43319727e-02, 9.41628736e-01
1.5571052074978327, 2.36528558e+00, 2.41357584e+03, 1.26673235e+00, 1.50888999e+01
2.391615471338775, 5.12954618e-01, 2.64888245e+03, 8.86739560e-01, 1.30157121e+01
9.020805165164024e-06, 2.17929431e-01, 6.82049180e+02, 1.31120178e+00, 1.50838210e+01
5.902713716976554e-09, 5.94067404e-01, 6.37592109e+02, 1.29929966e+00, 1.31788105e+00
4.127987553725982,   2.52821188, 557.2316826 ,   0.65994217,  10.44142027
1.5254396998527473, 7.97118440e-02, 1.35331259e+03, 7.79468164e-01, 1.78501965e+01
2.6589023941031282, 1.21636705e+00, 2.33154705e+03, 7.84654613e-01, 1.21512876e+00
2.091938516578296, 1.80099918e+00, 6.49368153e+02, 5.82111895e-01, 1.13227563e+00
0.6718175828593903, 4.05744330e-02, 5.12083291e+03, 5.61270731e+00, 6.27127897e+00
1.6866845448731338,   0.91215205, 173.84674001,   0.33905269,   1.32172427
1.9759407977037755, 1.82389609e-01, 1.13154041e+03, 1.30011473e+00, 5.41773193e+00
2.582775225605366, 3.06958245e+00, 8.57299344e+02, 5.03915237e-01, 9.15885771e-01
0.33391074982754837,   5.22150677, 522.89170092,   0.69399566,   1.65068807
0.3140876781803309,   0.86309703, 225.5474862 ,   0.8586952 ,   0.93494487
0.20217601195191656, 10.        , 74.7998547 ,  0.24290641,  0.94974123
1.1848930757406548, 2.80028547e-02, 1.19923825e+04, 8.83096149e+00, 1.14509590e+01
1.6962102658054397,   9.99999179, 304.55359607,   0.45375884,   0.92874088
2.6501997002795985, 1.36764601e+00, 9.39238560e+02, 5.12621708e-01, 1.06865929e+01
2.5690760503795276, 1.11699919e-01, 6.76953881e+02, 5.90362054e-01, 1.44620487e+01
0.029518760045484108, 2.22302782e+00, 3.94464284e+02, 2.53416815e-01, 2.42902812e-01
1.9895022605243087,   1.17541029, 501.64761598,   0.57545472,   1.31757492
0.2647772338236184, 2.17909349e+00, 3.34931258e+02, 1.22083961e-02, 1.31094405e+00
1.4060061492190248, 6.30957338e-01, 6.72875580e+02, 1.29900650e+00, 9.99999996e-01
0.0974227189577514,   0.96119452, 402.51866967,   0.80120457,  19.60742069
1.0063975785488435, 4.85354732e-01, 3.52629766e+03, 1.37774478e+00, 8.74156752e-01
1.734623733306578e-05, 1.91622447e-01, 6.90328222e+02, 1.31677355e+00, 1.96514974e+01
0.3038066860446976, 3.13402253e-02, 9.68794935e+03, 3.95703362e+00, 1.10064512e+00
0.5453464978128295,   0.5408045 , 291.324115  ,   0.50331899,   0.94532391
0.4071601830280262,   3.43988951, 404.51857753,   1.178236  ,   0.94702494
2.334119416513277, 3.67427193e-01, 4.52000836e+02, 5.85889162e-01, 1.21841704e+00
1.9375464098337707, 5.65567726e-01, 7.70560759e+02, 7.54284079e-01, 9.82939110e+00
1.2709663483910945,   2.90431631, 230.19674871,   0.26315467,  14.98047863
0.2581246212134037,   9.99999907, 326.08533197,   0.63834838,   0.94603911
1.8794639826199497, 2.50225728e-01, 2.52904504e+02, 3.46897740e-01, 1.76397387e+01
1.8771617924890447, 1.40268259e+00, 9.84518340e+02, 6.43418731e-01, 1.56777552e+01
2.1115412637019246, 1.00000000e+01, 5.19148900e+05, 9.99999995e+00, 9.99999990e+01
1.0566036355517527, 1.61513602e-01, 8.57181079e+02, 8.24020930e-01, 1.51121870e+01
0.39409932741040954,   4.57392041, 239.1948479 ,   0.48234935,   0.95617699
0.8469281552294218, 2.92885243e+00, 3.38730495e+02, 3.02543432e-01, 9.40928774e-01
1.2955100849863252, 4.55020491e-01, 6.95395956e+02, 7.81571020e-01, 9.42823996e-01
0.23234361503082418,   6.52251582, 286.89265821,   0.59397724,   9.80570945
0.05437083880539846, 6.61581635e-02, 2.45702460e+03, 3.76928908e+00, 1.43862169e+01
0.1735231379500909,   8.88764493, 383.22856267,   0.45500993,   5.75243736
1.625233802098963, 2.41839285e-01, 1.30644150e+03, 1.13320172e+00, 9.24064290e-01
0.4554221713411747,   9.52840245, 348.90321259,   0.38939419,   1.3026572 
0.2976296404066763, 6.01599066e+00, 2.88034137e+02, 1.75192686e-01, 9.74432692e+00
2.239840437297591, 6.40948439e+00, 7.02506144e+02, 6.13410513e-01, 1.03279008e+01
0.15874441101401582, 1.58595800e-02, 1.98306788e+04, 5.87640826e+00, 4.14503810e+00
3.128511863282422,   3.14950757, 330.15264657,   0.43910966,  14.91622716
1.1451698254846252, 9.03687957e-01, 7.12491376e+03, 1.62154045e+00, 1.05465466e+01
0.32829020686138083,   0.64080857, 562.06110807,   0.65803491,   0.94232319
1.9274466439355116, 2.70371804e+00, 2.80929717e+03, 1.23474342e+00, 2.04905265e+01
1.2866291552198865, 1.99414111e-01, 1.28844125e+03, 7.60712167e-01, 1.59989639e+01
0.3395830114275333, 1.75674680e-02, 3.59443167e+03, 3.96885450e+00, 2.02180087e+01
8.087486170385986, 8.40961720e-01, 1.82703513e+03, 4.85151390e-01, 1.08392135e+00
0.013719240751618398, 5.55614708e-01, 6.90144581e+02, 1.32112153e+00, 9.42281387e-01
1.1549504793621372,   0.63892178, 256.15901546,   0.45963104,   0.93923807
0.8737637690817104, 1.00000000e+01, 6.15713718e+02, 3.94178991e-01, 7.91918917e-01
0.6490662372423405, 1.85812590e+00, 4.32671796e+02, 4.71283780e-01, 2.42365321e-01
2.6132932397834447, 2.28731431e+00, 4.56297562e+02, 4.29189335e-01, 2.04045336e+01
0.17069390783028485, 5.47028384e-01, 5.98063466e+02, 6.04332172e-01, 9.45296430e-01
0.856470484812459,   9.99654829, 162.70250659,   0.44006131,   0.25415546
0.12237063178571589, 4.21859631e-02, 6.46120554e+03, 5.68198292e+00, 7.66437912e+00
3.618791322765154, 3.35321883e+00, 5.02844389e+02, 4.68352549e-01, 9.23793403e-01
1.9692359825285632, 1.43207665e+00, 9.63491580e+02, 7.16561043e-01, 2.30551452e+01
2.822268919598326, 1.00000000e+01, 5.86655938e+02, 4.26714425e-01, 9.46621020e-01
1.1914259698635632, 5.90206574e+00, 7.11111663e+02, 5.43667183e-01, 2.14523034e-01
1.1418033053968957, 4.04288941e-01, 7.36669529e+02, 6.83252674e-01, 9.45179505e-01
0.15463570590282735,   4.28174995, 377.3195808 ,   0.49186011,   0.93942059
0.31539601555022057, 5.25110943e-01, 5.94120560e+02, 8.53334856e-01, 1.14751925e+00
1.6593479027408702, 5.77873774e-01, 6.16757351e+02, 5.16408971e-01, 9.47336401e-01
1.2166526213540638,   0.83236384, 311.1324096 ,   0.60207027,   2.42712482
0.026995564857215843, 6.23833626e-01, 6.69164536e+02, 1.26702019e+00, 9.80811281e-01
1.734347183120691, 4.76662446e+00, 3.88712651e+02, 3.73014779e-01, 1.97316425e+01
0.3317405694495308, 9.90054405e-01, 3.93335286e+02, 1.00003205e-04, 9.42049476e-01
0.6143721940688395, 5.93034685e-02, 2.80753270e+03, 3.80570621e+00, 9.53346478e+00
0.22771553154587307, 8.19954627e-01, 5.89789961e+02, 3.97384053e-01, 2.42381359e-01
0.37316568685985685, 2.00466082e-01, 6.04328409e+02, 8.44604632e-01, 1.51617054e+01
1.5390825507674704, 1.75394124e+00, 3.22786221e+03, 1.04385033e+00, 1.08714210e+00
0.5920344196655688,   4.14615232, 305.17309756,   0.46918209,   9.82266131
0.8514279615133284, 9.98723110e-02, 2.81949529e+03, 1.50634201e+00, 9.35862467e-01
0.700790284463606,   3.6335948 , 403.84003406,   0.54911543,   9.78788325
0.02405730502906568, 2.46236634e-01, 3.84060344e+02, 1.27951005e+00, 5.39255647e+00
0.6858074588117749, 5.57410448e+00, 1.01170841e+03, 6.14377331e-01, 5.83590071e+00
2.1684887460403326, 1.35790895e+00, 8.32265607e+02, 5.92954605e-01, 1.95710221e+01
1.5456671419417316, 7.83580793e-01, 6.56701485e+02, 4.36437894e-01, 2.43366204e-01
2.599715570103341, 7.96229766e-01, 9.21700956e+02, 6.77794870e-01, 8.44932687e-01
1.3485859133892437, 8.06525190e-02, 3.28511937e+03, 3.18703708e+00, 1.17204823e+00
1.4071691213702011, 2.95103468e-02, 7.68694623e+03, 5.00495273e+00, 5.80688533e+00
2.593361894040852, 1.29716180e-01, 2.32740796e+03, 1.32272289e+00, 9.04612268e-01
1.5919123726130735, 1.79915117e-01, 9.80575921e+02, 9.01163488e-01, 8.64182865e-01
0.7930795897628307, 1.18014475e-01, 1.14801016e+03, 8.69202566e-01, 9.38326039e+00
1.6670600280953074, 1.07910336e-01, 6.84386292e+02, 4.61335784e-01, 1.15558473e+01
1.9943029586841905,   3.89660907, 474.46419358,   0.48048374,  14.34205751
0.6358680670313661,   0.47234767, 441.60207617,   0.5966843 ,   9.83125178
0.01466791714968199, 4.51377885e-01, 3.10398972e+03, 9.17291416e-01, 9.56339362e-01
0.16178131485866074, 1.11403323e+00, 5.40462978e+03, 1.17747263e+00, 2.39995477e-01
1.1531116569263626, 8.36202105e-01, 2.56635802e+03, 8.90403663e-01, 2.34580762e-01
0.38878139777583814, 9.99999999e+00, 2.21047125e+02, 9.29388262e-02, 9.66876266e-01
0.010291439140866825, 3.70713176e-02, 1.59521713e+04, 1.00000000e+01, 1.29598235e+00
1.5682971339016047, 1.98431725e-01, 8.01688167e+02, 6.73181083e-01, 1.18068042e+00
1.7925618511935972,   0.59497404, 520.47940672,   0.75036312,  15.16612986
1.013531165038014, 2.30205890e+00, 1.80668246e+03, 1.12333647e+00, 1.22494827e+00
0.18405664092803467, 2.14581945e-02, 1.56935464e+04, 5.12306296e+00, 1.38310365e+00
0.34545671241834713,   9.99999716, 131.41914835,   0.35907727,   1.00980111
1.3675019349607827, 4.03044711e-01, 3.18954546e+03, 1.15493118e+00, 1.52232719e+01
0.3986995832950915, 4.75812898e-01, 7.98029039e+02, 6.67095598e-01, 9.40599448e-01
1.403873124826725,   0.91558629, 469.31191217,   0.52945681,   0.94208824
1.8490511507363228, 3.74233762e-01, 1.57444023e+03, 1.10509517e+00, 2.06567528e+01
1.1220301894018898, 2.31474422e-01, 1.20639423e+03, 8.16930825e-01, 1.33972193e+00
1.488375753268666,   9.61451879, 386.0101221 ,   0.39308434,   4.31101883
2.9766369468146747,   4.59111879, 298.24801786,   0.49727942,   5.74673114
0.9555623198327586, 10.        , 70.06764326,  0.24259962,  1.00949426
1.0404304494556567,   0.97747513, 351.5274608 ,   0.43259455,  19.74236279
0.4100320848122409,   0.44093438, 153.60389082,   0.43103837,  14.72099064
0.2680908811408477, 3.14968459e-02, 1.96408512e+04, 9.13197203e+00, 7.77743600e-01
2.0673308616088892, 6.30957325e-01, 6.72875592e+02, 1.29900654e+00, 1.00000000e+00
1.12903393013666,   4.97223182, 271.98352303,   0.3938638 ,  10.17490531
1.9149575035611563, 1.25096533e+00, 2.02429563e+03, 6.68126488e-01, 6.31317684e+00
1.5213725040226778, 3.09697098e+00, 1.60685973e+03, 7.26283197e-01, 9.90171567e-01
2.487343884534866,   9.00987416, 512.7722106 ,   0.6469036 ,   1.16382404
0.8492924165992561, 1.36134975e-01, 1.91347026e+04, 1.86049414e+00, 1.52033039e+01
1.2426235021933723, 4.10620092e-01, 4.49355354e+02, 7.17989607e-01, 8.87371784e-01
0.2626008077270586, 1.67395693e+00, 3.76168326e+03, 1.77791193e+00, 9.69010340e-01
2.33954540360047, 1.22575886e+00, 2.26465743e+03, 9.06829944e-01, 6.34517539e+00
1.437451646424779, 2.82467735e-01, 1.13393571e+03, 1.08407839e+00, 9.29448134e-01
0.8031962138334927, 3.28609265e-01, 8.31271028e+02, 6.93144209e-01, 1.31477250e+00
1.3461905761188937, 3.38451101e+00, 1.24349154e+03, 7.19209283e-01, 1.58142963e+01
0.8720544849543944, 1.05711862e-01, 1.95054762e+03, 1.70877217e+00, 8.20794674e-01
5.663445776133059, 8.09254559e-01, 1.56701813e+03, 5.73267277e-01, 1.01406496e+00
0.2619194041344241, 6.90395283e-02, 4.07302713e+03, 1.28741986e+00, 9.05318904e-01
1.1849825304352346, 1.32934440e+00, 2.55878223e+03, 1.10497172e+00, 9.66832188e-01
2.0956505405930335, 1.46223191e+00, 1.05756835e+03, 6.57871864e-01, 2.14150670e+01
0.8385329981349272, 4.54177869e-01, 8.09203594e+02, 5.22829504e-01, 9.42615519e-01
0.6992196287112127, 2.52646284e+00, 3.40667660e+03, 2.11786570e+00, 1.00670918e+00
0.3481498075787559, 2.33572564e-02, 2.62634695e+04, 1.00000000e+01, 8.58668682e-01
0.46898914470826236, 2.46215501e+00, 5.76852971e+02, 4.62239342e-01, 9.32972519e-01
1.990088159910063, 8.69763940e-01, 2.53475656e+03, 9.56548864e-01, 1.57165118e+01
5.376790930639421, 5.60573646e-01, 1.06712610e+03, 8.24397059e-01, 1.24741360e+00
2.1621729802283203, 2.08487536e-01, 6.90329554e+02, 6.77322292e-01, 1.47753706e+01
0.6230030047669861, 1.11736790e-01, 3.48590762e+02, 6.48218698e-01, 1.57466417e+01
0.9086892629399246,   0.69276144, 431.41614726,   0.56260088,   5.65148278
0.6853704469883348, 2.31164789e-01, 5.49803296e+02, 4.85180531e-01, 2.11159865e+01
0.964576482109281,   8.53191689, 194.56666183,   0.34993902,   1.40157007
0.3633094375062765, 5.71146174e-02, 5.07469632e+03, 2.05051806e+00, 1.22096687e+00
0.3872670773418525,   9.99975352, 253.49086232,   0.45590751,   0.93546571
0.4382136082239694, 3.60816332e-02, 1.17107426e+04, 6.92157435e+00, 6.17538572e-01
0.18297024741631376, 2.91049679e-02, 9.37708801e+03, 8.20881517e+00, 1.33069358e+01